147.00 364.00
147.00 364.00
147.00 364.00
147.00 364.00
147.00 364.00
147.00 364.00
148.00 363.00
148.00 363.00
148.00 363.00
148.00 363.00
148.00 363.00
148.00 363.00
148.00 363.00
148.00 363.00
148.00 363.00
148.00 363.00
148.00 363.00
148.00 363.00
148.00 363.00
148.00 363.00
148.00 363.00
148.00 363.00
148.00 363.00
149.00 362.00
149.00 362.00
149.00 362.00
149.00 362.00
149.00 362.00
149.00 362.00
149.00 362.00
149.00 362.00
149.00 362.00
149.00 362.00
150.00 361.00
150.00 361.00
150.00 361.00
150.00 361.00
150.00 361.00
150.00 361.00
150.00 361.00
151.00 360.00
151.00 360.00
151.00 360.00
151.00 360.00
151.00 360.00
151.00 360.00
151.00 360.00
152.00 359.00
152.00 359.00
152.00 359.00
152.00 359.00
152.00 359.00
152.00 359.00
153.00 358.00
153.00 358.00
153.00 358.00
153.00 358.00
153.00 358.00
154.00 357.00
154.00 357.00
154.00 357.00
154.00 357.00
154.00 357.00
155.00 356.00
155.00 356.00
155.00 356.00
155.00 356.00
155.00 356.00
156.00 355.00
156.00 355.00
156.00 355.00
156.00 355.00
157.00 354.00
157.00 354.00
157.00 354.00
157.00 354.00
158.00 353.00
158.00 353.00
158.00 353.00
158.00 353.00
159.00 352.00
159.00 352.00
159.00 352.00
160.00 351.00
160.00 351.00
160.00 351.00
160.00 351.00
161.00 350.00
161.00 350.00
161.00 350.00
162.00 349.00
162.00 349.00
162.00 349.00
163.00 348.00
163.00 348.00
163.00 348.00
164.00 347.00
164.00 347.00
164.00 347.00
165.00 346.00
165.00 346.00
165.00 346.00
166.00 345.00
166.00 345.00
166.00 345.00
167.00 344.00
167.00 344.00
167.00 344.00
168.00 343.00
168.00 343.00
168.00 343.00
169.00 342.00
169.00 342.00
170.00 341.00
170.00 341.00
170.00 341.00
171.00 340.00
171.00 340.00
172.00 339.00
172.00 339.00
172.00 339.00
173.00 338.00
173.00 338.00
174.00 337.00
174.00 337.00
175.00 336.00
175.00 336.00
175.00 336.00
176.00 335.00
176.00 335.00
177.00 334.00
177.00 334.00
178.00 333.00
178.00 333.00
179.00 332.00
179.00 332.00
180.00 331.00
180.00 331.00
181.00 330.00
181.00 330.00
182.00 329.00
182.00 329.00
183.00 328.00
183.00 328.00
184.00 327.00
184.00 327.00
185.00 326.00
185.00 326.00
186.00 325.00
186.00 325.00
187.00 324.00
187.00 324.00
188.00 323.00
188.00 323.00
189.00 322.00
189.00 322.00
190.00 321.00
190.00 321.00
190.00 321.00
189.00 322.00
189.00 322.00
189.00 322.00
189.00 322.00
188.00 323.00
188.00 323.00
188.00 323.00
188.00 323.00
188.00 323.00
187.00 324.00
187.00 324.00
187.00 324.00
187.00 324.00
186.00 325.00
186.00 325.00
186.00 325.00
186.00 325.00
186.00 325.00
186.00 325.00
185.00 326.00
185.00 326.00
185.00 326.00
185.00 326.00
185.00 326.00
184.00 327.00
184.00 327.00
184.00 327.00
184.00 327.00
184.00 327.00
184.00 327.00
183.00 328.00
183.00 328.00
183.00 328.00
183.00 328.00
183.00 328.00
183.00 328.00
183.00 328.00
182.00 329.00
182.00 329.00
182.00 329.00
182.00 329.00
182.00 329.00
182.00 329.00
182.00 329.00
181.00 330.00
181.00 330.00
181.00 330.00
181.00 330.00
181.00 330.00
181.00 330.00
181.00 330.00
181.00 330.00
181.00 330.00
180.00 331.00
180.00 331.00
180.00 331.00
180.00 331.00
180.00 331.00
180.00 331.00
180.00 331.00
180.00 331.00
180.00 331.00
180.00 331.00
180.00 331.00
180.00 331.00
179.00 332.00
179.00 332.00
179.00 332.00
179.00 332.00
179.00 332.00
179.00 332.00
179.00 332.00
179.00 332.00
179.00 332.00
179.00 332.00
179.00 332.00
179.00 332.00
179.00 332.00
179.00 332.00
179.00 332.00
179.00 332.00
179.00 332.00
179.00 332.00
179.00 332.00
179.00 332.00
179.00 332.00
179.00 332.00
179.00 332.00
179.00 332.00
179.00 332.00
179.00 332.00
178.00 333.00
178.00 333.00
178.00 333.00
178.00 333.00
178.00 333.00
179.00 332.00
179.00 332.00
179.00 332.00
179.00 332.00
179.00 332.00
179.00 332.00
179.00 332.00
179.00 332.00
179.00 332.00
179.00 332.00
179.00 332.00
179.00 332.00
179.00 332.00
179.00 332.00
179.00 332.00
179.00 332.00
179.00 332.00
179.00 332.00
179.00 332.00
179.00 332.00
179.00 332.00
179.00 332.00
179.00 332.00
179.00 332.00
179.00 332.00
179.00 332.00
180.00 331.00
180.00 331.00
180.00 331.00
180.00 331.00
180.00 331.00
180.00 331.00
180.00 331.00
180.00 331.00
180.00 331.00
180.00 331.00
180.00 331.00
180.00 331.00
181.00 330.00
181.00 330.00
181.00 330.00
181.00 330.00
181.00 330.00
181.00 330.00
181.00 330.00
181.00 330.00
181.00 330.00
182.00 329.00
182.00 329.00
182.00 329.00
182.00 329.00
182.00 329.00
182.00 329.00
182.00 329.00
183.00 328.00
183.00 328.00
183.00 328.00
183.00 328.00
183.00 328.00
183.00 328.00
183.00 328.00
184.00 327.00
184.00 327.00
184.00 327.00
184.00 327.00
184.00 327.00
184.00 327.00
185.00 326.00
185.00 326.00
185.00 326.00
185.00 326.00
185.00 326.00
186.00 325.00
186.00 325.00
186.00 325.00
186.00 325.00
186.00 325.00
186.00 325.00
187.00 324.00
187.00 324.00
187.00 324.00
187.00 324.00
188.00 323.00
188.00 323.00
188.00 323.00
188.00 323.00
188.00 323.00
189.00 322.00
189.00 322.00
189.00 322.00
189.00 322.00
190.00 321.00
190.00 321.00
190.00 321.00
190.00 321.00
191.00 320.00
191.00 320.00
191.00 320.00
191.00 320.00
192.00 319.00
192.00 319.00
192.00 319.00
192.00 319.00
193.00 318.00
193.00 318.00
193.00 318.00
193.00 318.00
194.00 317.00
194.00 317.00
194.00 317.00
194.00 317.00
195.00 316.00
195.00 316.00
195.00 316.00
196.00 315.00
196.00 315.00
196.00 315.00
197.00 314.00
197.00 314.00
197.00 314.00
197.00 314.00
198.00 313.00
198.00 313.00
198.00 313.00
199.00 312.00
199.00 312.00
199.00 312.00
200.00 311.00
200.00 311.00
200.00 311.00
201.00 310.00
201.00 310.00
201.00 310.00
202.00 309.00
202.00 309.00
202.00 309.00
203.00 308.00
203.00 308.00
203.00 308.00
203.00 308.00
202.00 309.00
202.00 309.00
202.00 309.00
202.00 309.00
201.00 310.00
201.00 310.00
201.00 310.00
201.00 310.00
200.00 311.00
200.00 311.00
200.00 311.00
200.00 311.00
199.00 312.00
199.00 312.00
199.00 312.00
199.00 312.00
199.00 312.00
198.00 313.00
198.00 313.00
198.00 313.00
198.00 313.00
198.00 313.00
197.00 314.00
197.00 314.00
197.00 314.00
197.00 314.00
197.00 314.00
196.00 315.00
196.00 315.00
196.00 315.00
196.00 315.00
196.00 315.00
196.00 315.00
195.00 316.00
195.00 316.00
195.00 316.00
195.00 316.00
195.00 316.00
195.00 316.00
194.00 317.00
194.00 317.00
194.00 317.00
194.00 317.00
194.00 317.00
194.00 317.00
193.00 318.00
193.00 318.00
193.00 318.00
193.00 318.00
193.00 318.00
193.00 318.00
193.00 318.00
192.00 319.00
192.00 319.00
192.00 319.00
192.00 319.00
192.00 319.00
192.00 319.00
192.00 319.00
192.00 319.00
191.00 320.00
191.00 320.00
191.00 320.00
191.00 320.00
191.00 320.00
191.00 320.00
191.00 320.00
191.00 320.00
191.00 320.00
191.00 320.00
190.00 321.00
190.00 321.00
190.00 321.00
190.00 321.00
190.00 321.00
190.00 321.00
190.00 321.00
190.00 321.00
190.00 321.00
190.00 321.00
190.00 321.00
190.00 321.00
190.00 321.00
189.00 322.00
189.00 322.00
189.00 322.00
189.00 322.00
189.00 322.00
189.00 322.00
189.00 322.00
189.00 322.00
189.00 322.00
189.00 322.00
189.00 322.00
189.00 322.00
189.00 322.00
189.00 322.00
189.00 322.00
189.00 322.00
189.00 322.00
189.00 322.00
189.00 322.00
189.00 322.00
189.00 322.00
189.00 322.00
189.00 322.00
189.00 322.00
189.00 322.00
189.00 322.00
189.00 322.00
189.00 322.00
189.00 322.00
189.00 322.00
189.00 322.00
189.00 322.00
189.00 322.00
189.00 322.00
189.00 322.00
189.00 322.00
189.00 322.00
189.00 322.00
189.00 322.00
189.00 322.00
189.00 322.00
189.00 322.00
189.00 322.00
189.00 322.00
189.00 322.00
189.00 322.00
189.00 322.00
189.00 322.00
189.00 322.00
189.00 322.00
189.00 322.00
189.00 322.00
189.00 322.00
189.00 322.00
189.00 322.00
189.00 322.00
190.00 321.00
190.00 321.00
190.00 321.00
190.00 321.00
190.00 321.00
190.00 321.00
190.00 321.00
190.00 321.00
190.00 321.00
190.00 321.00
190.00 321.00
190.00 321.00
190.00 321.00
191.00 320.00
191.00 320.00
191.00 320.00
191.00 320.00
191.00 320.00
191.00 320.00
191.00 320.00
191.00 320.00
191.00 320.00
191.00 320.00
192.00 319.00
192.00 319.00
192.00 319.00
192.00 319.00
192.00 319.00
192.00 319.00
192.00 319.00
192.00 319.00
193.00 318.00
193.00 318.00
193.00 318.00
193.00 318.00
193.00 318.00
193.00 318.00
193.00 318.00
194.00 317.00
194.00 317.00
194.00 317.00
194.00 317.00
194.00 317.00
194.00 317.00
195.00 316.00
195.00 316.00
195.00 316.00
195.00 316.00
195.00 316.00
195.00 316.00
196.00 315.00
196.00 315.00
196.00 315.00
196.00 315.00
196.00 315.00
196.00 315.00
197.00 314.00
197.00 314.00
197.00 314.00
197.00 314.00
197.00 314.00
198.00 313.00
198.00 313.00
198.00 313.00
198.00 313.00
198.00 313.00
199.00 312.00
199.00 312.00
199.00 312.00
199.00 312.00
199.00 312.00
200.00 311.00
200.00 311.00
200.00 311.00
200.00 311.00
201.00 310.00
201.00 310.00
201.00 310.00
201.00 310.00
202.00 309.00
202.00 309.00
202.00 309.00
202.00 309.00
203.00 308.00
203.00 308.00
203.00 308.00
203.00 308.00
204.00 307.00
204.00 307.00
204.00 307.00
204.00 307.00
205.00 306.00
205.00 306.00
205.00 306.00
205.00 306.00
206.00 305.00
206.00 305.00
206.00 305.00
206.00 305.00
207.00 304.00
207.00 304.00
207.00 304.00
208.00 303.00
208.00 303.00
208.00 303.00
208.00 303.00
209.00 302.00
209.00 302.00
209.00 302.00
210.00 301.00
210.00 301.00
210.00 301.00
211.00 300.00
211.00 300.00
211.00 300.00
211.00 300.00
212.00 299.00
212.00 299.00
212.00 299.00
213.00 298.00
213.00 298.00
213.00 298.00
214.00 297.00
214.00 297.00
214.00 297.00
215.00 296.00
215.00 296.00
215.00 296.00
216.00 295.00
216.00 295.00
216.00 295.00
216.00 295.00
215.00 296.00
215.00 296.00
215.00 296.00
215.00 296.00
215.00 296.00
215.00 296.00
214.00 297.00
214.00 297.00
214.00 297.00
214.00 297.00
214.00 297.00
214.00 297.00
214.00 297.00
213.00 298.00
213.00 298.00
213.00 298.00
213.00 298.00
213.00 298.00
213.00 298.00
213.00 298.00
212.00 299.00
212.00 299.00
212.00 299.00
212.00 299.00
212.00 299.00
212.00 299.00
212.00 299.00
211.00 300.00
211.00 300.00
211.00 300.00
211.00 300.00
211.00 300.00
211.00 300.00
211.00 300.00
211.00 300.00
210.00 301.00
210.00 301.00
210.00 301.00
210.00 301.00
210.00 301.00
210.00 301.00
210.00 301.00
210.00 301.00
210.00 301.00
210.00 301.00
209.00 302.00
209.00 302.00
209.00 302.00
209.00 302.00
209.00 302.00
209.00 302.00
209.00 302.00
209.00 302.00
209.00 302.00
209.00 302.00
209.00 302.00
208.00 303.00
208.00 303.00
208.00 303.00
208.00 303.00
208.00 303.00
208.00 303.00
208.00 303.00
208.00 303.00
208.00 303.00
208.00 303.00
208.00 303.00
208.00 303.00
208.00 303.00
208.00 303.00
208.00 303.00
207.00 304.00
207.00 304.00
207.00 304.00
207.00 304.00
207.00 304.00
207.00 304.00
207.00 304.00
207.00 304.00
207.00 304.00
207.00 304.00
207.00 304.00
207.00 304.00
207.00 304.00
207.00 304.00
207.00 304.00
207.00 304.00
207.00 304.00
207.00 304.00
207.00 304.00
207.00 304.00
207.00 304.00
207.00 304.00
207.00 304.00
207.00 304.00
207.00 304.00
207.00 304.00
207.00 304.00
207.00 304.00
207.00 304.00
207.00 304.00
207.00 304.00
207.00 304.00
207.00 304.00
207.00 304.00
207.00 304.00
207.00 304.00
207.00 304.00
207.00 304.00
207.00 304.00
207.00 304.00
207.00 304.00
207.00 304.00
207.00 304.00
207.00 304.00
207.00 304.00
207.00 304.00
207.00 304.00
207.00 304.00
207.00 304.00
207.00 304.00
207.00 304.00
207.00 304.00
205.00 306.00
204.00 307.00
202.00 309.00
200.00 311.00
199.00 313.00
197.00 314.00
195.00 316.00
194.00 318.00
192.00 319.00
190.00 321.00
189.00 322.00
187.00 324.00
186.00 326.00
184.00 327.00
183.00 329.00
181.00 330.00
180.00 332.00
178.00 333.00
177.00 335.00
175.00 336.00
174.00 338.00
172.00 339.00
171.00 340.00
170.00 342.00
168.00 343.00
167.00 345.00
166.00 346.00
164.00 347.00
163.00 349.00
162.00 350.00
161.00 351.00
159.00 352.00
158.00 354.00
157.00 355.00
156.00 356.00
154.00 357.00
153.00 358.00
152.00 360.00
151.00 361.00
150.00 362.00
149.00 363.00
148.00 364.00
147.00 365.00
145.00 366.00
144.00 367.00
143.00 368.00
142.00 369.00
141.00 371.00
140.00 372.00
139.00 373.00
138.00 373.00
137.00 374.00
136.00 375.00
136.00 376.00
135.00 377.00
134.00 378.00
133.00 379.00
132.00 380.00
131.00 381.00
130.00 382.00
129.00 383.00
128.00 383.00
128.00 384.00
127.00 385.00
126.00 386.00
125.00 387.00
124.00 387.00
124.00 388.00
123.00 389.00
122.00 390.00
121.00 391.00
121.00 391.00
120.00 392.00
119.00 393.00
119.00 393.00
118.00 394.00
117.00 395.00
117.00 395.00
116.00 396.00
115.00 397.00
115.00 397.00
114.00 398.00
113.00 399.00
113.00 399.00
112.00 400.00
111.00 401.00
111.00 401.00
110.00 402.00
110.00 402.00
109.00 403.00
109.00 403.00
108.00 404.00
108.00 404.00
107.00 405.00
106.00 406.00
106.00 406.00
105.00 407.00
105.00 407.00
104.00 408.00
104.00 408.00
103.00 409.00
103.00 409.00
102.00 410.00
102.00 410.00
102.00 410.00
101.00 411.00
101.00 411.00
100.00 412.00
100.00 412.00
99.00 413.00
99.00 413.00
98.00 414.00
98.00 414.00
98.00 414.00
97.00 415.00
97.00 415.00
96.00 416.00
96.00 416.00
96.00 416.00
95.00 417.00
95.00 417.00
95.00 417.00
94.00 418.00
94.00 418.00
94.00 418.00
93.00 419.00
93.00 419.00
93.00 419.00
92.00 420.00
92.00 420.00
92.00 420.00
91.00 421.00
91.00 421.00
92.00 420.00
92.00 420.00
93.00 419.00
94.00 418.00
94.00 418.00
95.00 417.00
96.00 416.00
97.00 415.00
97.00 415.00
98.00 414.00
99.00 413.00
100.00 412.00
100.00 411.00
101.00 411.00
102.00 410.00
103.00 409.00
104.00 408.00
105.00 407.00
106.00 406.00
107.00 405.00
107.00 404.00
108.00 403.00
109.00 402.00
110.00 401.00
111.00 400.00
112.00 399.00
113.00 398.00
115.00 397.00
116.00 396.00
117.00 395.00
118.00 394.00
119.00 393.00
120.00 392.00
121.00 390.00
122.00 389.00
124.00 388.00
125.00 387.00
126.00 385.00
127.00 384.00
129.00 383.00
130.00 381.00
132.00 380.00
133.00 378.00
134.00 377.00
136.00 376.00
137.00 374.00
139.00 373.00
140.00 371.00
142.00 369.00
143.00 368.00
145.00 366.00
147.00 364.00
148.00 363.00
150.00 361.00
150.00 361.00
150.00 361.00
150.00 361.00
150.00 361.00
149.00 362.00
149.00 362.00
149.00 362.00
149.00 362.00
149.00 362.00
149.00 362.00
149.00 362.00
149.00 362.00
149.00 362.00
149.00 362.00
148.00 363.00
148.00 363.00
148.00 363.00
148.00 363.00
148.00 363.00
148.00 363.00
148.00 363.00
148.00 363.00
148.00 363.00
148.00 363.00
148.00 363.00
148.00 363.00
148.00 363.00
148.00 363.00
148.00 363.00
148.00 363.00
147.00 364.00
147.00 364.00
147.00 364.00
147.00 364.00
147.00 364.00
147.00 364.00
147.00 364.00
147.00 364.00
147.00 364.00
147.00 364.00
147.00 364.00
147.00 364.00
147.00 364.00
147.00 364.00
147.00 364.00
147.00 364.00
147.00 364.00
147.00 364.00
