134.00 354.00
134.00 354.00
134.00 354.00
134.00 354.00
134.00 354.00
134.00 354.00
134.00 354.00
134.00 354.00
134.00 354.00
134.00 354.00
134.00 354.00
134.00 354.00
134.00 354.00
134.00 354.00
134.00 354.00
134.00 354.00
134.00 354.00
134.00 354.00
135.00 353.00
135.00 353.00
135.00 353.00
135.00 353.00
135.00 353.00
135.00 353.00
135.00 353.00
135.00 353.00
135.00 353.00
135.00 353.00
135.00 353.00
135.00 353.00
135.00 353.00
135.00 352.00
136.00 352.00
136.00 352.00
136.00 352.00
136.00 352.00
136.00 352.00
136.00 352.00
136.00 352.00
136.00 352.00
136.00 352.00
137.00 351.00
137.00 351.00
137.00 351.00
137.00 351.00
137.00 351.00
137.00 351.00
137.00 351.00
138.00 350.00
138.00 350.00
138.00 350.00
138.00 350.00
138.00 350.00
138.00 350.00
139.00 350.00
139.00 349.00
139.00 349.00
139.00 349.00
139.00 349.00
139.00 349.00
140.00 348.00
140.00 348.00
140.00 348.00
140.00 348.00
140.00 348.00
141.00 348.00
141.00 347.00
141.00 347.00
141.00 347.00
141.00 347.00
142.00 347.00
142.00 346.00
142.00 346.00
142.00 346.00
143.00 346.00
143.00 345.00
143.00 345.00
143.00 345.00
144.00 345.00
144.00 344.00
144.00 344.00
144.00 344.00
145.00 344.00
145.00 343.00
145.00 343.00
145.00 343.00
146.00 343.00
146.00 342.00
146.00 342.00
147.00 342.00
147.00 342.00
147.00 341.00
148.00 341.00
148.00 341.00
148.00 341.00
148.00 340.00
149.00 340.00
149.00 340.00
149.00 339.00
150.00 339.00
150.00 339.00
150.00 338.00
151.00 338.00
151.00 338.00
151.00 337.00
152.00 337.00
152.00 337.00
153.00 336.00
153.00 336.00
153.00 336.00
154.00 335.00
154.00 335.00
154.00 335.00
155.00 334.00
155.00 334.00
156.00 334.00
156.00 333.00
156.00 333.00
157.00 333.00
157.00 332.00
158.00 332.00
158.00 332.00
159.00 331.00
159.00 331.00
159.00 330.00
160.00 330.00
160.00 330.00
161.00 329.00
161.00 329.00
162.00 328.00
162.00 328.00
163.00 328.00
163.00 327.00
164.00 327.00
164.00 326.00
164.00 326.00
165.00 326.00
165.00 325.00
166.00 325.00
166.00 324.00
167.00 324.00
168.00 323.00
168.00 323.00
169.00 322.00
169.00 322.00
170.00 322.00
170.00 321.00
171.00 321.00
171.00 320.00
172.00 320.00
172.00 319.00
173.00 319.00
173.00 318.00
174.00 318.00
175.00 317.00
175.00 317.00
176.00 316.00
176.00 316.00
177.00 315.00
178.00 315.00
178.00 314.00
179.00 314.00
179.00 313.00
180.00 313.00
181.00 312.00
181.00 312.00
182.00 311.00
183.00 311.00
183.00 310.00
184.00 310.00
184.00 309.00
185.00 309.00
186.00 308.00
186.00 307.00
187.00 307.00
188.00 306.00
188.00 306.00
189.00 305.00
190.00 305.00
191.00 304.00
191.00 304.00
192.00 303.00
193.00 302.00
193.00 302.00
194.00 301.00
195.00 301.00
196.00 300.00
196.00 299.00
197.00 299.00
198.00 298.00
199.00 298.00
199.00 297.00
200.00 297.00
201.00 296.00
202.00 295.00
202.00 295.00
203.00 294.00
204.00 293.00
205.00 293.00
205.00 292.00
206.00 292.00
207.00 291.00
208.00 290.00
209.00 290.00
209.00 289.00
210.00 288.00
211.00 288.00
212.00 287.00
213.00 287.00
214.00 286.00
214.00 285.00
215.00 285.00
216.00 284.00
216.00 284.00
216.00 284.00
216.00 284.00
216.00 284.00
216.00 284.00
216.00 284.00
216.00 284.00
216.00 284.00
216.00 284.00
215.00 284.00
215.00 285.00
215.00 285.00
215.00 285.00
215.00 285.00
215.00 285.00
215.00 285.00
215.00 285.00
215.00 285.00
215.00 285.00
215.00 285.00
215.00 285.00
215.00 285.00
215.00 285.00
215.00 285.00
215.00 285.00
215.00 285.00
215.00 285.00
215.00 285.00
215.00 285.00
215.00 285.00
215.00 285.00
215.00 285.00
215.00 285.00
215.00 285.00
215.00 285.00
215.00 285.00
215.00 285.00
215.00 285.00
215.00 285.00
215.00 285.00
215.00 285.00
215.00 285.00
215.00 285.00
215.00 285.00
215.00 285.00
215.00 285.00
215.00 285.00
215.00 285.00
215.00 285.00
215.00 285.00
215.00 285.00
215.00 285.00
215.00 285.00
215.00 285.00
215.00 285.00
215.00 285.00
215.00 285.00
215.00 285.00
215.00 285.00
215.00 285.00
215.00 285.00
215.00 285.00
215.00 285.00
215.00 285.00
215.00 285.00
215.00 285.00
215.00 285.00
215.00 285.00
216.00 285.00
216.00 285.00
216.00 285.00
216.00 285.00
216.00 285.00
216.00 285.00
216.00 285.00
216.00 285.00
216.00 285.00
216.00 285.00
216.00 285.00
216.00 285.00
216.00 285.00
216.00 285.00
216.00 285.00
216.00 285.00
216.00 285.00
216.00 285.00
217.00 285.00
217.00 285.00
217.00 284.00
217.00 284.00
217.00 284.00
217.00 284.00
217.00 284.00
217.00 284.00
217.00 284.00
217.00 284.00
217.00 284.00
217.00 284.00
217.00 284.00
218.00 284.00
218.00 284.00
218.00 284.00
218.00 284.00
218.00 284.00
218.00 284.00
218.00 284.00
218.00 284.00
218.00 283.00
218.00 283.00
218.00 283.00
219.00 283.00
219.00 283.00
219.00 283.00
219.00 283.00
219.00 283.00
219.00 283.00
219.00 283.00
219.00 283.00
219.00 283.00
220.00 283.00
220.00 283.00
220.00 282.00
220.00 282.00
220.00 282.00
220.00 282.00
220.00 282.00
220.00 282.00
221.00 282.00
221.00 282.00
221.00 282.00
221.00 282.00
221.00 282.00
221.00 282.00
221.00 281.00
221.00 281.00
222.00 281.00
222.00 281.00
222.00 281.00
222.00 281.00
222.00 281.00
221.00 281.00
221.00 282.00
221.00 282.00
221.00 282.00
220.00 282.00
220.00 283.00
220.00 283.00
219.00 283.00
219.00 283.00
219.00 283.00
218.00 284.00
218.00 284.00
218.00 284.00
218.00 284.00
217.00 285.00
217.00 285.00
217.00 285.00
217.00 285.00
216.00 285.00
216.00 286.00
216.00 286.00
215.00 286.00
215.00 286.00
215.00 286.00
215.00 287.00
214.00 287.00
214.00 287.00
214.00 287.00
214.00 287.00
213.00 288.00
213.00 288.00
213.00 288.00
213.00 288.00
212.00 288.00
212.00 289.00
212.00 289.00
212.00 289.00
211.00 289.00
211.00 289.00
211.00 289.00
211.00 290.00
210.00 290.00
210.00 290.00
210.00 290.00
210.00 290.00
210.00 290.00
209.00 291.00
209.00 291.00
209.00 291.00
209.00 291.00
208.00 291.00
208.00 291.00
208.00 292.00
208.00 292.00
208.00 292.00
207.00 292.00
207.00 292.00
207.00 292.00
207.00 293.00
207.00 293.00
206.00 293.00
206.00 293.00
206.00 293.00
206.00 293.00
206.00 294.00
205.00 294.00
205.00 294.00
205.00 294.00
205.00 294.00
205.00 294.00
204.00 294.00
204.00 294.00
204.00 295.00
204.00 295.00
204.00 295.00
204.00 295.00
203.00 295.00
203.00 295.00
203.00 295.00
203.00 296.00
203.00 296.00
203.00 296.00
203.00 296.00
202.00 296.00
202.00 296.00
202.00 296.00
202.00 296.00
202.00 296.00
202.00 297.00
201.00 297.00
201.00 297.00
201.00 297.00
201.00 297.00
201.00 297.00
201.00 297.00
201.00 297.00
201.00 297.00
200.00 297.00
200.00 298.00
200.00 298.00
200.00 298.00
200.00 298.00
200.00 298.00
200.00 298.00
200.00 298.00
199.00 298.00
199.00 298.00
199.00 298.00
199.00 298.00
199.00 299.00
199.00 299.00
199.00 299.00
199.00 299.00
199.00 299.00
199.00 299.00
198.00 299.00
198.00 299.00
198.00 299.00
198.00 299.00
198.00 299.00
198.00 299.00
198.00 299.00
198.00 299.00
198.00 299.00
198.00 300.00
198.00 300.00
198.00 300.00
198.00 300.00
197.00 300.00
197.00 300.00
197.00 300.00
197.00 300.00
197.00 300.00
197.00 300.00
197.00 300.00
197.00 300.00
197.00 300.00
197.00 300.00
197.00 300.00
197.00 300.00
197.00 300.00
197.00 300.00
197.00 300.00
197.00 300.00
197.00 300.00
197.00 300.00
197.00 300.00
197.00 300.00
197.00 300.00
197.00 300.00
197.00 300.00
197.00 300.00
197.00 300.00
197.00 300.00
197.00 300.00
197.00 300.00
197.00 300.00
197.00 300.00
197.00 300.00
197.00 300.00
197.00 300.00
197.00 300.00
197.00 300.00
197.00 300.00
197.00 300.00
197.00 300.00
197.00 300.00
197.00 300.00
197.00 300.00
197.00 300.00
197.00 300.00
197.00 300.00
197.00 300.00
197.00 300.00
197.00 300.00
197.00 300.00
197.00 300.00
197.00 300.00
197.00 300.00
197.00 300.00
197.00 300.00
197.00 300.00
197.00 300.00
197.00 300.00
197.00 300.00
197.00 300.00
197.00 300.00
197.00 300.00
197.00 300.00
197.00 300.00
198.00 300.00
198.00 300.00
198.00 299.00
198.00 299.00
198.00 299.00
198.00 299.00
198.00 299.00
198.00 299.00
198.00 299.00
198.00 299.00
198.00 299.00
198.00 299.00
198.00 299.00
198.00 299.00
199.00 299.00
199.00 299.00
199.00 299.00
199.00 298.00
199.00 298.00
199.00 298.00
199.00 298.00
199.00 298.00
199.00 298.00
199.00 298.00
200.00 298.00
200.00 298.00
200.00 298.00
200.00 298.00
200.00 298.00
200.00 297.00
200.00 297.00
200.00 297.00
201.00 297.00
201.00 297.00
201.00 297.00
201.00 297.00
201.00 297.00
201.00 297.00
201.00 296.00
201.00 296.00
202.00 296.00
202.00 296.00
202.00 296.00
202.00 296.00
202.00 296.00
202.00 296.00
203.00 296.00
203.00 295.00
203.00 295.00
203.00 295.00
203.00 295.00
203.00 295.00
203.00 295.00
204.00 295.00
204.00 295.00
204.00 294.00
204.00 294.00
204.00 294.00
205.00 294.00
205.00 294.00
205.00 294.00
205.00 294.00
205.00 293.00
205.00 293.00
206.00 293.00
206.00 293.00
206.00 293.00
206.00 293.00
206.00 292.00
207.00 292.00
207.00 292.00
207.00 292.00
207.00 292.00
206.00 293.00
206.00 293.00
205.00 293.00
205.00 294.00
205.00 294.00
204.00 294.00
204.00 294.00
204.00 295.00
203.00 295.00
203.00 295.00
203.00 296.00
202.00 296.00
202.00 296.00
201.00 296.00
201.00 297.00
201.00 297.00
200.00 297.00
200.00 298.00
200.00 298.00
199.00 298.00
199.00 298.00
199.00 299.00
198.00 299.00
198.00 299.00
198.00 299.00
197.00 300.00
197.00 300.00
197.00 300.00
196.00 300.00
196.00 301.00
196.00 301.00
196.00 301.00
195.00 301.00
195.00 302.00
195.00 302.00
194.00 302.00
194.00 302.00
194.00 303.00
193.00 303.00
193.00 303.00
193.00 303.00
193.00 304.00
192.00 304.00
192.00 304.00
192.00 304.00
191.00 305.00
191.00 305.00
191.00 305.00
191.00 305.00
190.00 305.00
190.00 306.00
190.00 306.00
190.00 306.00
189.00 306.00
189.00 306.00
189.00 307.00
189.00 307.00
188.00 307.00
188.00 307.00
188.00 307.00
188.00 308.00
187.00 308.00
187.00 308.00
187.00 308.00
187.00 308.00
187.00 309.00
186.00 309.00
186.00 309.00
186.00 309.00
186.00 309.00
185.00 309.00
185.00 310.00
185.00 310.00
185.00 310.00
185.00 310.00
184.00 310.00
184.00 310.00
184.00 311.00
184.00 311.00
184.00 311.00
183.00 311.00
183.00 311.00
183.00 311.00
183.00 312.00
183.00 312.00
183.00 312.00
182.00 312.00
182.00 312.00
182.00 312.00
182.00 312.00
182.00 313.00
182.00 313.00
181.00 313.00
181.00 313.00
181.00 313.00
181.00 313.00
181.00 313.00
181.00 313.00
181.00 314.00
180.00 314.00
180.00 314.00
180.00 314.00
180.00 314.00
180.00 314.00
180.00 314.00
180.00 314.00
180.00 314.00
179.00 314.00
179.00 315.00
179.00 315.00
179.00 315.00
179.00 315.00
179.00 315.00
179.00 315.00
179.00 315.00
179.00 315.00
179.00 315.00
178.00 315.00
178.00 315.00
178.00 316.00
178.00 316.00
178.00 316.00
178.00 316.00
178.00 316.00
178.00 316.00
178.00 316.00
178.00 316.00
178.00 316.00
178.00 316.00
178.00 316.00
178.00 316.00
177.00 316.00
177.00 316.00
177.00 316.00
177.00 316.00
177.00 316.00
177.00 316.00
177.00 316.00
177.00 317.00
177.00 317.00
177.00 317.00
177.00 317.00
177.00 317.00
177.00 317.00
177.00 317.00
177.00 317.00
177.00 317.00
177.00 317.00
177.00 317.00
177.00 317.00
177.00 317.00
177.00 317.00
177.00 317.00
177.00 317.00
177.00 317.00
177.00 317.00
177.00 317.00
177.00 317.00
177.00 317.00
177.00 317.00
177.00 317.00
177.00 317.00
177.00 317.00
177.00 317.00
177.00 317.00
177.00 317.00
177.00 317.00
177.00 317.00
177.00 317.00
177.00 317.00
177.00 317.00
177.00 316.00
177.00 316.00
177.00 316.00
178.00 316.00
178.00 316.00
178.00 316.00
178.00 316.00
178.00 316.00
178.00 316.00
178.00 316.00
178.00 316.00
176.00 318.00
174.00 320.00
172.00 321.00
169.00 323.00
167.00 325.00
165.00 327.00
163.00 328.00
162.00 330.00
160.00 332.00
158.00 333.00
156.00 335.00
154.00 337.00
152.00 338.00
151.00 340.00
149.00 341.00
147.00 343.00
145.00 345.00
144.00 346.00
142.00 348.00
141.00 349.00
139.00 350.00
138.00 352.00
136.00 353.00
135.00 355.00
133.00 356.00
132.00 357.00
130.00 359.00
129.00 360.00
129.00 360.00
129.00 360.00
130.00 359.00
130.00 359.00
130.00 359.00
130.00 359.00
130.00 359.00
131.00 358.00
131.00 358.00
131.00 358.00
131.00 358.00
131.00 358.00
132.00 357.00
132.00 357.00
132.00 357.00
132.00 357.00
133.00 356.00
133.00 356.00
133.00 356.00
133.00 356.00
134.00 356.00
134.00 355.00
134.00 355.00
134.00 355.00
135.00 354.00
135.00 354.00
135.00 354.00
136.00 354.00
136.00 353.00
136.00 353.00
136.00 353.00
137.00 353.00
137.00 352.00
137.00 352.00
138.00 352.00
138.00 351.00
138.00 351.00
139.00 351.00
139.00 350.00
139.00 350.00
140.00 350.00
140.00 349.00
140.00 349.00
141.00 349.00
141.00 349.00
141.00 348.00
142.00 348.00
142.00 347.00
143.00 347.00
143.00 347.00
143.00 346.00
144.00 346.00
144.00 346.00
144.00 345.00
145.00 345.00
145.00 345.00
146.00 344.00
146.00 344.00
147.00 343.00
147.00 343.00
147.00 343.00
148.00 342.00
148.00 342.00
149.00 341.00
149.00 341.00
150.00 341.00
150.00 340.00
151.00 340.00
151.00 339.00
151.00 339.00
152.00 339.00
152.00 338.00
153.00 338.00
153.00 337.00
154.00 337.00
154.00 336.00
155.00 336.00
155.00 335.00
156.00 335.00
156.00 334.00
157.00 334.00
157.00 334.00
156.00 335.00
156.00 335.00
155.00 335.00
155.00 336.00
155.00 336.00
154.00 336.00
154.00 337.00
153.00 337.00
153.00 337.00
153.00 338.00
152.00 338.00
152.00 338.00
152.00 339.00
151.00 339.00
151.00 339.00
151.00 340.00
150.00 340.00
150.00 340.00
150.00 340.00
149.00 341.00
149.00 341.00
149.00 341.00
148.00 342.00
148.00 342.00
148.00 342.00
147.00 342.00
147.00 343.00
147.00 343.00
146.00 343.00
146.00 343.00
146.00 344.00
146.00 344.00
145.00 344.00
145.00 344.00
145.00 345.00
144.00 345.00
144.00 345.00
144.00 345.00
144.00 346.00
143.00 346.00
143.00 346.00
143.00 346.00
143.00 346.00
142.00 347.00
142.00 347.00
142.00 347.00
142.00 347.00
142.00 347.00
141.00 348.00
141.00 348.00
141.00 348.00
141.00 348.00
140.00 348.00
140.00 349.00
140.00 349.00
140.00 349.00
140.00 349.00
139.00 349.00
139.00 349.00
139.00 350.00
139.00 350.00
139.00 350.00
139.00 350.00
138.00 350.00
138.00 350.00
138.00 351.00
138.00 351.00
138.00 351.00
138.00 351.00
137.00 351.00
137.00 351.00
137.00 351.00
137.00 351.00
137.00 352.00
137.00 352.00
137.00 352.00
137.00 352.00
136.00 352.00
136.00 352.00
136.00 352.00
136.00 352.00
136.00 352.00
136.00 353.00
136.00 353.00
136.00 353.00
136.00 353.00
135.00 353.00
135.00 353.00
135.00 353.00
135.00 353.00
135.00 353.00
135.00 353.00
135.00 353.00
135.00 353.00
135.00 353.00
135.00 354.00
135.00 354.00
135.00 354.00
135.00 354.00
134.00 354.00
134.00 354.00
134.00 354.00
134.00 354.00
134.00 354.00
134.00 354.00
134.00 354.00
134.00 354.00
134.00 354.00
134.00 354.00
134.00 354.00
134.00 354.00
134.00 354.00
134.00 354.00
134.00 354.00
134.00 354.00
134.00 354.00
