188.00 326.00
188.00 326.00
188.00 326.00
188.00 326.00
188.00 326.00
188.00 326.00
188.00 326.00
188.00 326.00
188.00 326.00
188.00 326.00
188.00 326.00
188.00 326.00
188.00 326.00
188.00 326.00
188.00 326.00
188.00 326.00
188.00 326.00
188.00 326.00
189.00 326.00
189.00 326.00
189.00 326.00
189.00 326.00
189.00 326.00
189.00 325.00
189.00 325.00
189.00 325.00
189.00 325.00
189.00 325.00
189.00 325.00
189.00 325.00
189.00 325.00
189.00 325.00
189.00 325.00
189.00 325.00
190.00 325.00
190.00 324.00
190.00 324.00
190.00 324.00
190.00 324.00
190.00 324.00
219.00 294.00
219.00 294.00
219.00 294.00
220.00 293.00
220.00 293.00
220.00 293.00
220.00 293.00
220.00 293.00
220.00 293.00
219.00 294.00
219.00 294.00
218.00 295.00
217.00 296.00
217.00 297.00
216.00 297.00
215.00 298.00
215.00 299.00
214.00 300.00
213.00 300.00
213.00 301.00
212.00 302.00
211.00 302.00
211.00 303.00
210.00 304.00
209.00 304.00
209.00 305.00
208.00 306.00
207.00 306.00
207.00 307.00
206.00 308.00
205.00 308.00
205.00 309.00
204.00 310.00
204.00 310.00
203.00 311.00
202.00 312.00
202.00 312.00
201.00 313.00
201.00 314.00
200.00 314.00
199.00 315.00
199.00 315.00
198.00 316.00
198.00 317.00
197.00 317.00
196.00 318.00
196.00 319.00
195.00 319.00
195.00 320.00
194.00 320.00
194.00 321.00
193.00 322.00
192.00 322.00
192.00 323.00
191.00 323.00
191.00 324.00
190.00 324.00
190.00 325.00
189.00 325.00
189.00 326.00
188.00 327.00
188.00 327.00
187.00 328.00
187.00 328.00
186.00 329.00
186.00 329.00
185.00 330.00
185.00 330.00
184.00 331.00
184.00 331.00
183.00 332.00
183.00 332.00
182.00 333.00
182.00 333.00
181.00 334.00
181.00 334.00
180.00 335.00
180.00 335.00
179.00 336.00
179.00 336.00
178.00 337.00
178.00 337.00
178.00 338.00
177.00 338.00
177.00 339.00
176.00 339.00
176.00 339.00
175.00 340.00
175.00 340.00
175.00 341.00
174.00 341.00
174.00 342.00
173.00 342.00
173.00 342.00
173.00 343.00
172.00 343.00
172.00 344.00
171.00 344.00
171.00 344.00
171.00 345.00
170.00 345.00
170.00 346.00
170.00 346.00
169.00 346.00
169.00 347.00
168.00 347.00
168.00 347.00
168.00 348.00
167.00 348.00
167.00 349.00
167.00 349.00
166.00 349.00
166.00 350.00
166.00 350.00
165.00 350.00
165.00 351.00
165.00 351.00
164.00 351.00
164.00 352.00
164.00 352.00
164.00 352.00
163.00 352.00
163.00 353.00
163.00 353.00
162.00 353.00
162.00 354.00
162.00 354.00
162.00 354.00
161.00 355.00
161.00 355.00
161.00 355.00
160.00 355.00
160.00 356.00
160.00 356.00
160.00 356.00
159.00 356.00
159.00 357.00
159.00 357.00
159.00 357.00
158.00 357.00
158.00 358.00
158.00 358.00
158.00 358.00
157.00 358.00
157.00 359.00
157.00 359.00
157.00 359.00
157.00 359.00
156.00 359.00
156.00 360.00
156.00 360.00
156.00 360.00
156.00 360.00
155.00 360.00
155.00 361.00
155.00 361.00
155.00 361.00
155.00 361.00
155.00 361.00
154.00 362.00
154.00 362.00
154.00 362.00
154.00 362.00
154.00 362.00
154.00 362.00
153.00 363.00
153.00 363.00
153.00 363.00
153.00 363.00
153.00 363.00
153.00 363.00
152.00 363.00
152.00 364.00
152.00 364.00
152.00 364.00
152.00 364.00
152.00 364.00
152.00 364.00
152.00 364.00
152.00 365.00
151.00 365.00
151.00 365.00
151.00 365.00
151.00 365.00
151.00 365.00
151.00 365.00
151.00 365.00
151.00 365.00
151.00 365.00
151.00 365.00
150.00 366.00
150.00 366.00
150.00 366.00
150.00 366.00
150.00 366.00
150.00 366.00
150.00 366.00
150.00 366.00
150.00 366.00
150.00 366.00
150.00 366.00
150.00 366.00
150.00 366.00
150.00 366.00
150.00 366.00
150.00 366.00
150.00 366.00
150.00 366.00
150.00 366.00
150.00 367.00
150.00 367.00
150.00 367.00
150.00 367.00
150.00 367.00
149.00 367.00
149.00 367.00
149.00 367.00
149.00 367.00
149.00 367.00
150.00 367.00
150.00 367.00
150.00 367.00
150.00 367.00
150.00 367.00
150.00 367.00
150.00 366.00
150.00 366.00
150.00 366.00
150.00 366.00
150.00 366.00
150.00 366.00
150.00 366.00
150.00 366.00
150.00 366.00
150.00 366.00
150.00 366.00
150.00 366.00
150.00 366.00
150.00 366.00
150.00 366.00
150.00 366.00
150.00 366.00
150.00 366.00
151.00 366.00
151.00 365.00
151.00 365.00
151.00 365.00
151.00 365.00
151.00 365.00
151.00 365.00
151.00 365.00
151.00 365.00
151.00 365.00
152.00 365.00
152.00 364.00
152.00 364.00
152.00 364.00
152.00 364.00
152.00 364.00
152.00 364.00
152.00 364.00
153.00 364.00
153.00 363.00
153.00 363.00
153.00 363.00
153.00 363.00
153.00 363.00
153.00 363.00
154.00 363.00
154.00 362.00
154.00 362.00
154.00 362.00
154.00 362.00
154.00 362.00
155.00 362.00
155.00 361.00
155.00 361.00
155.00 361.00
155.00 361.00
155.00 361.00
156.00 360.00
156.00 360.00
156.00 360.00
156.00 360.00
156.00 360.00
157.00 359.00
157.00 359.00
157.00 359.00
157.00 359.00
158.00 358.00
158.00 358.00
158.00 358.00
158.00 358.00
158.00 358.00
159.00 357.00
159.00 357.00
159.00 357.00
159.00 357.00
160.00 356.00
160.00 356.00
160.00 356.00
160.00 355.00
161.00 355.00
161.00 355.00
161.00 355.00
162.00 354.00
162.00 354.00
162.00 354.00
162.00 354.00
163.00 353.00
163.00 353.00
163.00 353.00
164.00 352.00
164.00 352.00
164.00 352.00
165.00 351.00
165.00 351.00
165.00 351.00
165.00 350.00
166.00 350.00
166.00 350.00
166.00 349.00
167.00 349.00
167.00 349.00
167.00 348.00
168.00 348.00
168.00 348.00
169.00 347.00
169.00 347.00
169.00 347.00
170.00 346.00
170.00 346.00
170.00 345.00
171.00 345.00
171.00 345.00
171.00 344.00
172.00 344.00
172.00 343.00
173.00 343.00
173.00 343.00
173.00 342.00
174.00 342.00
174.00 341.00
175.00 341.00
175.00 341.00
176.00 340.00
176.00 340.00
176.00 339.00
177.00 339.00
177.00 338.00
178.00 338.00
178.00 337.00
179.00 337.00
179.00 336.00
179.00 336.00
180.00 336.00
180.00 335.00
181.00 335.00
181.00 334.00
182.00 334.00
182.00 333.00
183.00 333.00
183.00 332.00
184.00 332.00
184.00 331.00
185.00 331.00
185.00 330.00
186.00 330.00
186.00 329.00
187.00 328.00
187.00 328.00
188.00 327.00
188.00 327.00
189.00 326.00
189.00 326.00
190.00 325.00
190.00 325.00
191.00 324.00
191.00 324.00
192.00 323.00
193.00 322.00
193.00 322.00
194.00 321.00
194.00 321.00
195.00 320.00
195.00 319.00
196.00 319.00
196.00 318.00
197.00 318.00
198.00 317.00
198.00 316.00
199.00 316.00
199.00 315.00
200.00 315.00
201.00 314.00
201.00 313.00
202.00 313.00
202.00 312.00
203.00 311.00
204.00 311.00
204.00 310.00
205.00 309.00
206.00 309.00
206.00 308.00
207.00 307.00
207.00 307.00
208.00 306.00
209.00 305.00
209.00 305.00
210.00 304.00
211.00 303.00
211.00 303.00
212.00 302.00
212.00 302.00
212.00 302.00
212.00 302.00
212.00 302.00
212.00 302.00
211.00 303.00
211.00 303.00
211.00 303.00
211.00 303.00
211.00 303.00
211.00 303.00
211.00 303.00
211.00 303.00
211.00 303.00
211.00 303.00
211.00 303.00
211.00 303.00
211.00 303.00
211.00 304.00
210.00 304.00
210.00 304.00
210.00 304.00
210.00 304.00
210.00 304.00
210.00 304.00
210.00 304.00
210.00 304.00
210.00 304.00
210.00 304.00
210.00 304.00
210.00 304.00
210.00 304.00
210.00 304.00
210.00 304.00
210.00 304.00
210.00 304.00
210.00 304.00
210.00 304.00
210.00 304.00
210.00 304.00
210.00 305.00
210.00 305.00
210.00 305.00
210.00 305.00
210.00 305.00
210.00 305.00
210.00 305.00
209.00 305.00
209.00 305.00
209.00 305.00
209.00 305.00
209.00 305.00
209.00 305.00
209.00 305.00
209.00 305.00
209.00 305.00
209.00 305.00
209.00 305.00
209.00 305.00
209.00 305.00
209.00 305.00
209.00 305.00
209.00 305.00
209.00 305.00
210.00 305.00
210.00 305.00
210.00 305.00
210.00 305.00
210.00 305.00
210.00 305.00
210.00 305.00
210.00 304.00
210.00 304.00
210.00 304.00
210.00 304.00
210.00 304.00
210.00 304.00
210.00 304.00
210.00 304.00
210.00 304.00
210.00 304.00
210.00 304.00
210.00 304.00
210.00 304.00
210.00 304.00
210.00 304.00
210.00 304.00
210.00 304.00
210.00 304.00
210.00 304.00
210.00 304.00
210.00 304.00
211.00 304.00
211.00 303.00
211.00 303.00
211.00 303.00
211.00 303.00
211.00 303.00
211.00 303.00
211.00 303.00
211.00 303.00
211.00 303.00
211.00 303.00
211.00 303.00
211.00 303.00
211.00 303.00
212.00 302.00
212.00 302.00
212.00 302.00
212.00 302.00
212.00 302.00
212.00 302.00
211.00 303.00
210.00 304.00
210.00 304.00
209.00 305.00
208.00 306.00
207.00 307.00
207.00 308.00
206.00 308.00
205.00 309.00
204.00 310.00
204.00 311.00
203.00 312.00
202.00 312.00
202.00 313.00
201.00 314.00
200.00 315.00
199.00 315.00
199.00 316.00
198.00 317.00
197.00 318.00
197.00 318.00
196.00 319.00
195.00 320.00
194.00 320.00
194.00 321.00
193.00 322.00
192.00 323.00
192.00 323.00
191.00 324.00
190.00 325.00
190.00 325.00
189.00 326.00
189.00 327.00
188.00 327.00
187.00 328.00
187.00 329.00
186.00 329.00
185.00 330.00
185.00 331.00
184.00 331.00
184.00 332.00
183.00 333.00
182.00 333.00
182.00 334.00
181.00 334.00
181.00 335.00
180.00 336.00
179.00 336.00
179.00 337.00
178.00 337.00
178.00 338.00
177.00 339.00
177.00 339.00
176.00 340.00
176.00 340.00
175.00 341.00
174.00 341.00
174.00 342.00
173.00 343.00
173.00 343.00
172.00 344.00
172.00 344.00
171.00 345.00
171.00 345.00
170.00 346.00
170.00 346.00
169.00 347.00
169.00 347.00
168.00 348.00
168.00 348.00
167.00 349.00
167.00 349.00
167.00 350.00
166.00 350.00
166.00 351.00
165.00 351.00
165.00 352.00
164.00 352.00
164.00 352.00
163.00 353.00
163.00 353.00
163.00 354.00
162.00 354.00
162.00 355.00
161.00 355.00
161.00 355.00
160.00 356.00
160.00 356.00
160.00 357.00
159.00 357.00
159.00 357.00
158.00 358.00
158.00 358.00
158.00 359.00
157.00 359.00
157.00 359.00
157.00 360.00
156.00 360.00
156.00 361.00
156.00 361.00
155.00 361.00
155.00 362.00
155.00 362.00
154.00 362.00
154.00 363.00
154.00 363.00
153.00 363.00
153.00 364.00
153.00 364.00
152.00 364.00
152.00 365.00
152.00 365.00
151.00 365.00
151.00 365.00
151.00 366.00
150.00 366.00
150.00 366.00
150.00 367.00
150.00 367.00
149.00 367.00
149.00 368.00
149.00 368.00
149.00 368.00
148.00 368.00
148.00 369.00
148.00 369.00
147.00 369.00
147.00 369.00
147.00 370.00
147.00 370.00
147.00 370.00
146.00 370.00
146.00 371.00
146.00 371.00
146.00 371.00
145.00 371.00
145.00 371.00
145.00 372.00
145.00 372.00
145.00 372.00
144.00 372.00
144.00 372.00
144.00 373.00
144.00 373.00
144.00 373.00
143.00 373.00
143.00 373.00
143.00 374.00
143.00 374.00
143.00 374.00
142.00 374.00
142.00 374.00
142.00 374.00
142.00 375.00
142.00 375.00
142.00 375.00
142.00 375.00
141.00 375.00
141.00 375.00
141.00 376.00
141.00 376.00
141.00 376.00
141.00 376.00
141.00 376.00
140.00 376.00
140.00 376.00
140.00 376.00
140.00 377.00
140.00 377.00
140.00 377.00
140.00 377.00
140.00 377.00
140.00 377.00
140.00 377.00
139.00 377.00
139.00 377.00
139.00 377.00
139.00 378.00
139.00 378.00
139.00 378.00
139.00 378.00
139.00 378.00
139.00 378.00
139.00 378.00
139.00 378.00
139.00 378.00
139.00 378.00
139.00 378.00
138.00 378.00
138.00 378.00
138.00 378.00
138.00 378.00
138.00 378.00
138.00 378.00
138.00 378.00
138.00 378.00
138.00 378.00
138.00 379.00
138.00 379.00
138.00 379.00
138.00 379.00
138.00 379.00
138.00 379.00
138.00 379.00
138.00 379.00
138.00 379.00
138.00 379.00
138.00 379.00
138.00 379.00
138.00 379.00
138.00 379.00
138.00 378.00
138.00 378.00
138.00 378.00
138.00 378.00
138.00 378.00
138.00 378.00
138.00 378.00
138.00 378.00
138.00 378.00
139.00 378.00
139.00 378.00
139.00 378.00
139.00 378.00
139.00 378.00
139.00 378.00
139.00 378.00
139.00 378.00
139.00 378.00
139.00 378.00
139.00 377.00
139.00 377.00
139.00 377.00
139.00 377.00
140.00 377.00
140.00 377.00
140.00 377.00
140.00 377.00
140.00 377.00
140.00 377.00
140.00 377.00
140.00 376.00
140.00 376.00
141.00 376.00
141.00 376.00
141.00 376.00
141.00 376.00
141.00 376.00
141.00 375.00
141.00 375.00
141.00 375.00
142.00 375.00
142.00 375.00
142.00 375.00
142.00 375.00
142.00 374.00
142.00 374.00
143.00 374.00
143.00 374.00
143.00 374.00
143.00 374.00
143.00 373.00
143.00 373.00
144.00 373.00
144.00 373.00
144.00 373.00
144.00 372.00
144.00 372.00
145.00 372.00
145.00 372.00
145.00 372.00
145.00 371.00
145.00 371.00
146.00 371.00
146.00 371.00
146.00 370.00
146.00 370.00
147.00 370.00
147.00 370.00
147.00 370.00
147.00 369.00
148.00 369.00
148.00 369.00
148.00 369.00
148.00 368.00
149.00 368.00
149.00 368.00
149.00 367.00
149.00 367.00
150.00 367.00
150.00 367.00
150.00 366.00
151.00 366.00
151.00 366.00
151.00 365.00
151.00 365.00
152.00 365.00
152.00 364.00
152.00 364.00
153.00 364.00
153.00 364.00
153.00 363.00
154.00 363.00
154.00 363.00
154.00 362.00
155.00 362.00
155.00 361.00
155.00 361.00
156.00 361.00
156.00 360.00
156.00 360.00
157.00 360.00
157.00 359.00
157.00 359.00
158.00 359.00
158.00 358.00
159.00 358.00
159.00 357.00
159.00 357.00
160.00 357.00
160.00 356.00
161.00 356.00
161.00 355.00
161.00 355.00
162.00 354.00
162.00 354.00
163.00 354.00
163.00 353.00
163.00 353.00
164.00 352.00
164.00 352.00
165.00 351.00
165.00 351.00
166.00 350.00
166.00 350.00
167.00 349.00
167.00 349.00
168.00 349.00
168.00 348.00
169.00 348.00
169.00 347.00
169.00 347.00
170.00 346.00
170.00 346.00
171.00 345.00
171.00 344.00
172.00 344.00
173.00 343.00
173.00 343.00
174.00 342.00
174.00 342.00
175.00 341.00
175.00 341.00
176.00 340.00
176.00 340.00
177.00 339.00
177.00 338.00
178.00 338.00
178.00 337.00
179.00 337.00
180.00 336.00
180.00 335.00
181.00 335.00
181.00 334.00
182.00 334.00
183.00 333.00
183.00 332.00
184.00 332.00
184.00 331.00
185.00 330.00
186.00 330.00
186.00 329.00
187.00 329.00
187.00 328.00
188.00 327.00
189.00 327.00
189.00 326.00
190.00 325.00
191.00 324.00
191.00 324.00
192.00 323.00
193.00 322.00
193.00 322.00
194.00 321.00
194.00 321.00
194.00 321.00
194.00 321.00
193.00 322.00
193.00 322.00
193.00 322.00
193.00 322.00
193.00 322.00
193.00 322.00
192.00 322.00
192.00 323.00
192.00 323.00
192.00 323.00
192.00 323.00
192.00 323.00
192.00 323.00
192.00 323.00
191.00 324.00
191.00 324.00
191.00 324.00
191.00 324.00
191.00 324.00
191.00 324.00
191.00 324.00
191.00 324.00
190.00 324.00
190.00 324.00
190.00 325.00
190.00 325.00
190.00 325.00
190.00 325.00
190.00 325.00
190.00 325.00
190.00 325.00
190.00 325.00
190.00 325.00
189.00 325.00
189.00 325.00
189.00 325.00
189.00 326.00
189.00 326.00
189.00 326.00
189.00 326.00
189.00 326.00
189.00 326.00
189.00 326.00
189.00 326.00
189.00 326.00
189.00 326.00
189.00 326.00
189.00 326.00
188.00 326.00
188.00 326.00
188.00 326.00
188.00 326.00
188.00 326.00
188.00 326.00
188.00 326.00
188.00 326.00
188.00 326.00
188.00 326.00
188.00 326.00
188.00 326.00
188.00 327.00
188.00 327.00
188.00 327.00
188.00 327.00
188.00 327.00
188.00 327.00
188.00 327.00
188.00 327.00
188.00 327.00
188.00 327.00
188.00 326.00
188.00 326.00
