167.00 364.00
167.00 364.00
167.00 364.00
167.00 364.00
167.00 364.00
167.00 364.00
167.00 364.00
167.00 364.00
167.00 364.00
167.00 364.00
167.00 364.00
167.00 364.00
167.00 364.00
167.00 364.00
167.00 364.00
168.00 364.00
168.00 364.00
168.00 364.00
168.00 364.00
168.00 364.00
168.00 363.00
168.00 363.00
168.00 363.00
168.00 363.00
168.00 363.00
168.00 363.00
168.00 363.00
168.00 363.00
168.00 363.00
169.00 363.00
169.00 363.00
169.00 362.00
169.00 362.00
169.00 362.00
169.00 362.00
169.00 362.00
169.00 362.00
169.00 362.00
169.00 362.00
170.00 361.00
170.00 361.00
170.00 361.00
170.00 361.00
170.00 361.00
170.00 361.00
170.00 361.00
171.00 360.00
171.00 360.00
171.00 360.00
171.00 360.00
171.00 360.00
171.00 360.00
171.00 359.00
172.00 359.00
172.00 359.00
172.00 359.00
172.00 359.00
172.00 359.00
172.00 358.00
173.00 358.00
173.00 358.00
173.00 358.00
173.00 358.00
173.00 357.00
173.00 357.00
174.00 357.00
174.00 357.00
174.00 356.00
174.00 356.00
174.00 356.00
175.00 356.00
175.00 356.00
175.00 355.00
175.00 355.00
175.00 355.00
176.00 355.00
176.00 354.00
176.00 354.00
176.00 354.00
177.00 354.00
177.00 353.00
177.00 353.00
177.00 353.00
178.00 352.00
178.00 352.00
178.00 352.00
178.00 352.00
179.00 351.00
179.00 351.00
179.00 351.00
179.00 350.00
180.00 350.00
180.00 350.00
180.00 350.00
180.00 349.00
181.00 349.00
181.00 349.00
181.00 348.00
182.00 348.00
182.00 348.00
182.00 347.00
182.00 347.00
183.00 347.00
183.00 346.00
183.00 346.00
184.00 345.00
184.00 345.00
184.00 345.00
185.00 344.00
185.00 344.00
185.00 344.00
186.00 343.00
186.00 343.00
186.00 342.00
187.00 342.00
187.00 342.00
187.00 341.00
188.00 341.00
188.00 341.00
188.00 340.00
189.00 340.00
189.00 339.00
189.00 339.00
190.00 338.00
190.00 338.00
190.00 338.00
189.00 339.00
189.00 339.00
189.00 340.00
188.00 340.00
188.00 341.00
188.00 341.00
187.00 341.00
187.00 342.00
187.00 342.00
186.00 343.00
186.00 343.00
186.00 343.00
185.00 344.00
185.00 344.00
185.00 344.00
184.00 345.00
184.00 345.00
184.00 346.00
183.00 346.00
183.00 346.00
183.00 347.00
182.00 347.00
182.00 347.00
182.00 348.00
182.00 348.00
181.00 348.00
181.00 349.00
181.00 349.00
180.00 349.00
180.00 350.00
180.00 350.00
180.00 350.00
179.00 351.00
179.00 351.00
179.00 351.00
179.00 351.00
178.00 352.00
178.00 352.00
178.00 352.00
178.00 353.00
177.00 353.00
177.00 353.00
177.00 353.00
177.00 354.00
176.00 354.00
176.00 354.00
176.00 355.00
176.00 355.00
176.00 355.00
175.00 355.00
175.00 356.00
175.00 356.00
175.00 356.00
174.00 356.00
174.00 356.00
174.00 357.00
174.00 357.00
174.00 357.00
173.00 357.00
173.00 358.00
173.00 358.00
173.00 358.00
173.00 358.00
173.00 358.00
172.00 359.00
172.00 359.00
172.00 359.00
172.00 359.00
172.00 359.00
172.00 360.00
171.00 360.00
171.00 360.00
171.00 360.00
171.00 360.00
171.00 360.00
171.00 361.00
171.00 361.00
170.00 361.00
170.00 361.00
170.00 361.00
170.00 361.00
170.00 362.00
170.00 362.00
170.00 362.00
170.00 362.00
169.00 362.00
169.00 362.00
169.00 362.00
169.00 362.00
169.00 363.00
169.00 363.00
169.00 363.00
169.00 363.00
169.00 363.00
169.00 363.00
168.00 363.00
168.00 363.00
168.00 363.00
168.00 363.00
168.00 364.00
168.00 364.00
168.00 364.00
168.00 364.00
168.00 364.00
168.00 364.00
168.00 364.00
168.00 364.00
168.00 364.00
168.00 364.00
167.00 364.00
167.00 364.00
167.00 364.00
167.00 364.00
167.00 364.00
167.00 365.00
167.00 365.00
167.00 365.00
167.00 365.00
167.00 365.00
167.00 365.00
167.00 365.00
167.00 365.00
167.00 365.00
167.00 365.00
167.00 365.00
167.00 365.00
167.00 365.00
167.00 365.00
167.00 365.00
167.00 365.00
167.00 365.00
167.00 365.00
167.00 365.00
167.00 365.00
167.00 365.00
167.00 365.00
167.00 365.00
167.00 365.00
167.00 365.00
167.00 365.00
167.00 365.00
167.00 365.00
167.00 365.00
167.00 364.00
167.00 364.00
168.00 364.00
168.00 364.00
168.00 364.00
168.00 364.00
168.00 364.00
168.00 364.00
168.00 364.00
168.00 364.00
168.00 364.00
168.00 364.00
168.00 364.00
168.00 364.00
168.00 364.00
168.00 363.00
169.00 363.00
169.00 363.00
169.00 363.00
169.00 363.00
169.00 363.00
169.00 363.00
169.00 363.00
169.00 363.00
169.00 363.00
169.00 362.00
170.00 362.00
170.00 362.00
170.00 362.00
170.00 362.00
170.00 362.00
170.00 362.00
170.00 361.00
170.00 361.00
171.00 361.00
171.00 361.00
171.00 361.00
171.00 361.00
171.00 361.00
171.00 360.00
171.00 360.00
172.00 360.00
172.00 360.00
172.00 360.00
172.00 360.00
172.00 359.00
172.00 359.00
173.00 359.00
173.00 359.00
173.00 359.00
173.00 358.00
173.00 358.00
174.00 358.00
174.00 358.00
174.00 358.00
174.00 357.00
174.00 357.00
174.00 357.00
175.00 357.00
175.00 356.00
175.00 356.00
175.00 356.00
176.00 356.00
176.00 356.00
176.00 355.00
176.00 355.00
176.00 355.00
177.00 355.00
177.00 354.00
177.00 354.00
177.00 354.00
178.00 353.00
178.00 353.00
178.00 353.00
178.00 353.00
179.00 352.00
179.00 352.00
179.00 352.00
179.00 351.00
180.00 351.00
180.00 351.00
180.00 351.00
180.00 350.00
181.00 350.00
181.00 350.00
181.00 349.00
182.00 349.00
182.00 349.00
182.00 348.00
182.00 348.00
183.00 348.00
183.00 347.00
183.00 347.00
184.00 347.00
184.00 346.00
184.00 346.00
185.00 346.00
185.00 345.00
185.00 345.00
186.00 344.00
186.00 344.00
186.00 344.00
187.00 343.00
187.00 343.00
187.00 343.00
188.00 342.00
188.00 342.00
188.00 341.00
189.00 341.00
189.00 340.00
189.00 340.00
190.00 340.00
190.00 339.00
190.00 339.00
191.00 338.00
191.00 338.00
191.00 338.00
192.00 337.00
192.00 337.00
193.00 336.00
193.00 336.00
193.00 335.00
194.00 335.00
194.00 334.00
195.00 334.00
195.00 333.00
195.00 333.00
196.00 332.00
196.00 332.00
197.00 331.00
197.00 331.00
197.00 331.00
196.00 332.00
196.00 332.00
196.00 332.00
196.00 333.00
195.00 333.00
195.00 333.00
195.00 333.00
195.00 334.00
194.00 334.00
194.00 334.00
194.00 335.00
194.00 335.00
194.00 335.00
193.00 335.00
193.00 336.00
193.00 336.00
193.00 336.00
192.00 337.00
192.00 337.00
192.00 337.00
192.00 337.00
192.00 338.00
191.00 338.00
191.00 338.00
191.00 338.00
191.00 339.00
191.00 339.00
190.00 339.00
190.00 339.00
190.00 340.00
190.00 340.00
190.00 340.00
189.00 340.00
189.00 340.00
189.00 341.00
189.00 341.00
189.00 341.00
189.00 341.00
188.00 341.00
188.00 342.00
188.00 342.00
188.00 342.00
188.00 342.00
188.00 342.00
187.00 343.00
187.00 343.00
187.00 343.00
187.00 343.00
187.00 343.00
187.00 343.00
186.00 344.00
186.00 344.00
186.00 344.00
186.00 344.00
186.00 344.00
186.00 344.00
186.00 345.00
186.00 345.00
185.00 345.00
185.00 345.00
185.00 345.00
185.00 345.00
185.00 345.00
185.00 346.00
185.00 346.00
185.00 346.00
185.00 346.00
184.00 346.00
184.00 346.00
184.00 346.00
184.00 346.00
184.00 346.00
184.00 347.00
184.00 347.00
184.00 347.00
184.00 347.00
184.00 347.00
184.00 347.00
184.00 347.00
183.00 347.00
183.00 347.00
183.00 347.00
183.00 347.00
183.00 348.00
183.00 348.00
183.00 348.00
183.00 348.00
183.00 348.00
183.00 348.00
183.00 348.00
183.00 348.00
183.00 348.00
183.00 348.00
183.00 348.00
183.00 348.00
183.00 348.00
183.00 348.00
183.00 348.00
183.00 348.00
183.00 348.00
183.00 348.00
182.00 348.00
182.00 348.00
182.00 348.00
182.00 348.00
182.00 348.00
182.00 348.00
182.00 348.00
182.00 348.00
182.00 348.00
182.00 348.00
182.00 348.00
182.00 348.00
182.00 348.00
182.00 348.00
182.00 348.00
183.00 348.00
183.00 348.00
183.00 348.00
183.00 348.00
183.00 348.00
183.00 348.00
183.00 348.00
183.00 348.00
183.00 348.00
183.00 348.00
183.00 348.00
183.00 348.00
183.00 348.00
183.00 348.00
183.00 348.00
183.00 348.00
183.00 348.00
183.00 348.00
183.00 348.00
183.00 347.00
183.00 347.00
183.00 347.00
183.00 347.00
184.00 347.00
184.00 347.00
184.00 347.00
184.00 347.00
184.00 347.00
184.00 347.00
184.00 347.00
184.00 346.00
184.00 346.00
184.00 346.00
184.00 346.00
185.00 346.00
185.00 346.00
185.00 346.00
185.00 346.00
185.00 346.00
185.00 345.00
185.00 345.00
185.00 345.00
185.00 345.00
186.00 345.00
186.00 345.00
186.00 345.00
186.00 344.00
186.00 344.00
186.00 344.00
186.00 344.00
186.00 344.00
187.00 344.00
187.00 343.00
187.00 343.00
187.00 343.00
187.00 343.00
187.00 343.00
187.00 343.00
188.00 342.00
188.00 342.00
188.00 342.00
188.00 342.00
188.00 342.00
188.00 341.00
189.00 341.00
189.00 341.00
189.00 341.00
189.00 341.00
189.00 340.00
190.00 340.00
190.00 340.00
190.00 340.00
190.00 339.00
190.00 339.00
190.00 339.00
191.00 339.00
191.00 339.00
191.00 338.00
191.00 338.00
191.00 338.00
192.00 338.00
192.00 337.00
192.00 337.00
192.00 337.00
193.00 337.00
193.00 336.00
193.00 336.00
192.00 337.00
192.00 337.00
191.00 338.00
191.00 338.00
190.00 339.00
190.00 340.00
190.00 340.00
189.00 341.00
189.00 341.00
188.00 342.00
188.00 343.00
187.00 343.00
187.00 344.00
186.00 344.00
186.00 345.00
185.00 345.00
185.00 346.00
184.00 346.00
184.00 347.00
183.00 348.00
183.00 348.00
183.00 349.00
182.00 349.00
182.00 350.00
181.00 350.00
181.00 351.00
180.00 351.00
180.00 352.00
180.00 352.00
179.00 353.00
179.00 353.00
178.00 354.00
178.00 354.00
178.00 354.00
177.00 355.00
177.00 355.00
177.00 356.00
176.00 356.00
176.00 357.00
175.00 357.00
175.00 358.00
175.00 358.00
174.00 358.00
174.00 359.00
174.00 359.00
173.00 360.00
173.00 360.00
173.00 360.00
172.00 361.00
172.00 361.00
172.00 362.00
171.00 362.00
171.00 362.00
171.00 363.00
170.00 363.00
170.00 363.00
170.00 364.00
169.00 364.00
169.00 365.00
169.00 365.00
168.00 365.00
168.00 366.00
168.00 366.00
167.00 366.00
167.00 367.00
167.00 367.00
167.00 367.00
166.00 367.00
166.00 368.00
166.00 368.00
166.00 368.00
165.00 369.00
165.00 369.00
166.00 368.00
166.00 367.00
167.00 366.00
168.00 366.00
169.00 365.00
170.00 364.00
170.00 363.00
171.00 362.00
172.00 361.00
173.00 360.00
173.00 359.00
174.00 358.00
175.00 357.00
176.00 356.00
177.00 355.00
178.00 354.00
178.00 353.00
179.00 352.00
180.00 351.00
181.00 350.00
182.00 349.00
183.00 348.00
184.00 347.00
185.00 346.00
185.00 345.00
186.00 344.00
187.00 343.00
188.00 342.00
189.00 341.00
190.00 339.00
191.00 338.00
192.00 337.00
193.00 336.00
194.00 335.00
195.00 333.00
196.00 332.00
197.00 331.00
198.00 330.00
199.00 329.00
200.00 327.00
201.00 326.00
202.00 325.00
203.00 323.00
204.00 322.00
205.00 321.00
206.00 319.00
207.00 318.00
207.00 318.00
207.00 318.00
207.00 318.00
207.00 318.00
207.00 318.00
207.00 318.00
207.00 319.00
206.00 319.00
206.00 319.00
206.00 319.00
206.00 319.00
206.00 319.00
206.00 319.00
206.00 319.00
206.00 319.00
206.00 319.00
206.00 319.00
206.00 319.00
206.00 319.00
206.00 319.00
206.00 319.00
206.00 319.00
206.00 319.00
206.00 319.00
206.00 320.00
206.00 320.00
206.00 320.00
206.00 320.00
206.00 320.00
206.00 320.00
206.00 320.00
206.00 320.00
206.00 320.00
206.00 320.00
206.00 320.00
206.00 320.00
206.00 320.00
206.00 320.00
206.00 320.00
206.00 320.00
206.00 320.00
206.00 320.00
206.00 320.00
206.00 320.00
206.00 320.00
206.00 320.00
206.00 320.00
206.00 320.00
206.00 320.00
206.00 320.00
206.00 320.00
206.00 320.00
206.00 320.00
206.00 320.00
206.00 320.00
206.00 319.00
206.00 319.00
206.00 319.00
206.00 319.00
206.00 319.00
206.00 319.00
206.00 319.00
206.00 319.00
206.00 319.00
206.00 319.00
206.00 319.00
206.00 319.00
206.00 319.00
206.00 319.00
206.00 319.00
206.00 319.00
206.00 319.00
207.00 319.00
207.00 319.00
207.00 318.00
207.00 318.00
207.00 318.00
207.00 318.00
207.00 318.00
207.00 318.00
207.00 318.00
207.00 318.00
207.00 318.00
207.00 318.00
207.00 318.00
207.00 317.00
208.00 317.00
208.00 317.00
208.00 317.00
208.00 317.00
208.00 317.00
208.00 317.00
208.00 317.00
208.00 317.00
208.00 316.00
208.00 316.00
208.00 316.00
209.00 316.00
209.00 316.00
209.00 316.00
209.00 316.00
209.00 316.00
209.00 315.00
209.00 315.00
209.00 315.00
209.00 315.00
209.00 315.00
210.00 315.00
210.00 315.00
210.00 314.00
210.00 314.00
210.00 314.00
210.00 314.00
210.00 314.00
210.00 314.00
211.00 314.00
211.00 313.00
211.00 313.00
211.00 313.00
211.00 314.00
210.00 314.00
210.00 315.00
209.00 315.00
209.00 316.00
208.00 317.00
208.00 317.00
207.00 318.00
207.00 318.00
206.00 319.00
206.00 320.00
205.00 320.00
205.00 321.00
204.00 321.00
204.00 322.00
203.00 322.00
203.00 323.00
202.00 323.00
202.00 324.00
202.00 325.00
201.00 325.00
201.00 326.00
200.00 326.00
200.00 327.00
199.00 327.00
199.00 328.00
199.00 328.00
198.00 329.00
198.00 329.00
197.00 330.00
197.00 330.00
196.00 331.00
196.00 331.00
196.00 332.00
195.00 332.00
195.00 333.00
194.00 333.00
194.00 334.00
194.00 334.00
193.00 335.00
193.00 335.00
193.00 335.00
192.00 336.00
192.00 336.00
191.00 337.00
191.00 337.00
191.00 338.00
190.00 338.00
190.00 339.00
190.00 339.00
189.00 339.00
189.00 340.00
188.00 340.00
188.00 341.00
188.00 341.00
187.00 341.00
187.00 342.00
187.00 342.00
186.00 343.00
186.00 343.00
186.00 343.00
185.00 344.00
185.00 344.00
185.00 344.00
184.00 345.00
184.00 345.00
184.00 346.00
184.00 346.00
183.00 346.00
183.00 347.00
183.00 347.00
182.00 347.00
182.00 348.00
182.00 348.00
181.00 348.00
181.00 349.00
181.00 349.00
181.00 349.00
180.00 350.00
180.00 350.00
180.00 350.00
180.00 350.00
179.00 351.00
179.00 351.00
179.00 351.00
178.00 352.00
178.00 352.00
178.00 352.00
178.00 353.00
177.00 353.00
177.00 353.00
177.00 353.00
177.00 354.00
177.00 354.00
176.00 354.00
176.00 354.00
176.00 355.00
176.00 355.00
175.00 355.00
175.00 355.00
175.00 356.00
175.00 356.00
175.00 356.00
174.00 356.00
174.00 357.00
174.00 357.00
174.00 357.00
174.00 357.00
173.00 357.00
173.00 358.00
173.00 358.00
173.00 358.00
173.00 358.00
172.00 358.00
172.00 359.00
172.00 359.00
172.00 359.00
172.00 359.00
172.00 359.00
171.00 360.00
171.00 360.00
171.00 360.00
171.00 360.00
171.00 360.00
171.00 360.00
171.00 360.00
170.00 361.00
170.00 361.00
170.00 361.00
170.00 361.00
170.00 361.00
170.00 361.00
170.00 362.00
170.00 362.00
169.00 362.00
169.00 362.00
169.00 362.00
169.00 362.00
169.00 362.00
169.00 362.00
169.00 362.00
169.00 363.00
169.00 363.00
169.00 363.00
168.00 363.00
168.00 363.00
168.00 363.00
168.00 363.00
168.00 363.00
168.00 363.00
168.00 363.00
168.00 363.00
168.00 364.00
168.00 364.00
168.00 364.00
168.00 364.00
168.00 364.00
168.00 364.00
167.00 364.00
167.00 364.00
167.00 364.00
167.00 364.00
167.00 364.00
167.00 364.00
167.00 364.00
167.00 364.00
167.00 364.00
167.00 364.00
167.00 364.00
167.00 364.00
167.00 364.00
167.00 364.00
167.00 364.00
167.00 364.00
167.00 364.00
167.00 364.00
167.00 364.00
167.00 364.00
167.00 364.00
167.00 364.00
167.00 364.00
