192.00 346.00
192.00 346.00
192.00 346.00
192.00 346.00
192.00 346.00
192.00 346.00
192.00 346.00
192.00 346.00
192.00 346.00
192.00 346.00
192.00 346.00
192.00 346.00
192.00 346.00
192.00 346.00
192.00 346.00
192.00 346.00
192.00 346.00
192.00 346.00
192.00 346.00
192.00 345.00
192.00 345.00
192.00 345.00
192.00 345.00
192.00 345.00
192.00 345.00
192.00 345.00
192.00 345.00
193.00 345.00
193.00 345.00
193.00 345.00
193.00 345.00
193.00 345.00
193.00 345.00
193.00 345.00
193.00 344.00
193.00 344.00
193.00 344.00
193.00 344.00
193.00 344.00
193.00 344.00
193.00 344.00
194.00 344.00
194.00 344.00
194.00 344.00
194.00 343.00
194.00 343.00
194.00 343.00
194.00 343.00
194.00 343.00
194.00 343.00
194.00 343.00
195.00 343.00
195.00 342.00
195.00 342.00
195.00 342.00
195.00 342.00
195.00 342.00
195.00 342.00
195.00 342.00
195.00 341.00
196.00 341.00
196.00 341.00
196.00 341.00
196.00 341.00
196.00 341.00
196.00 340.00
196.00 340.00
197.00 340.00
197.00 340.00
197.00 340.00
197.00 339.00
197.00 339.00
197.00 339.00
197.00 339.00
198.00 339.00
198.00 338.00
198.00 338.00
198.00 338.00
198.00 338.00
198.00 338.00
199.00 337.00
199.00 337.00
199.00 337.00
199.00 337.00
199.00 337.00
199.00 336.00
200.00 336.00
200.00 336.00
200.00 336.00
200.00 335.00
200.00 335.00
201.00 335.00
201.00 335.00
201.00 334.00
201.00 334.00
201.00 334.00
202.00 334.00
202.00 333.00
202.00 333.00
202.00 334.00
201.00 334.00
201.00 335.00
200.00 335.00
200.00 336.00
199.00 337.00
199.00 337.00
198.00 338.00
198.00 338.00
198.00 339.00
197.00 339.00
197.00 340.00
196.00 341.00
196.00 341.00
195.00 342.00
195.00 342.00
195.00 343.00
194.00 343.00
194.00 344.00
193.00 344.00
193.00 345.00
193.00 345.00
192.00 346.00
192.00 346.00
191.00 347.00
191.00 347.00
191.00 348.00
190.00 348.00
190.00 349.00
189.00 349.00
189.00 350.00
189.00 350.00
188.00 351.00
188.00 351.00
188.00 352.00
187.00 352.00
187.00 352.00
186.00 353.00
186.00 353.00
186.00 354.00
185.00 354.00
185.00 355.00
185.00 355.00
184.00 355.00
184.00 356.00
184.00 356.00
183.00 357.00
183.00 357.00
183.00 357.00
182.00 358.00
182.00 358.00
182.00 359.00
182.00 359.00
181.00 359.00
181.00 360.00
181.00 360.00
180.00 360.00
180.00 361.00
180.00 361.00
179.00 361.00
179.00 362.00
179.00 362.00
179.00 362.00
178.00 363.00
178.00 363.00
178.00 363.00
178.00 364.00
177.00 364.00
177.00 364.00
177.00 365.00
176.00 365.00
176.00 365.00
176.00 365.00
176.00 366.00
175.00 366.00
175.00 366.00
175.00 367.00
175.00 367.00
175.00 367.00
174.00 367.00
174.00 368.00
174.00 368.00
174.00 368.00
173.00 368.00
173.00 369.00
173.00 369.00
173.00 369.00
173.00 369.00
172.00 370.00
172.00 370.00
172.00 370.00
172.00 370.00
172.00 371.00
171.00 371.00
171.00 371.00
171.00 371.00
171.00 371.00
171.00 372.00
171.00 372.00
170.00 372.00
170.00 372.00
170.00 372.00
170.00 373.00
170.00 373.00
170.00 373.00
169.00 373.00
169.00 373.00
169.00 373.00
169.00 374.00
169.00 374.00
169.00 374.00
169.00 374.00
168.00 374.00
168.00 374.00
168.00 374.00
168.00 375.00
168.00 375.00
168.00 375.00
168.00 375.00
168.00 375.00
167.00 375.00
167.00 375.00
167.00 375.00
167.00 376.00
167.00 376.00
167.00 376.00
167.00 376.00
167.00 376.00
167.00 376.00
167.00 376.00
166.00 376.00
166.00 376.00
166.00 377.00
166.00 377.00
166.00 377.00
166.00 377.00
166.00 377.00
166.00 377.00
166.00 377.00
166.00 377.00
166.00 377.00
166.00 377.00
166.00 377.00
166.00 377.00
166.00 377.00
165.00 377.00
165.00 377.00
165.00 377.00
165.00 377.00
165.00 377.00
165.00 378.00
165.00 378.00
165.00 378.00
165.00 378.00
165.00 378.00
165.00 378.00
165.00 378.00
165.00 378.00
165.00 378.00
165.00 378.00
165.00 378.00
165.00 378.00
165.00 378.00
165.00 378.00
165.00 378.00
165.00 378.00
165.00 378.00
165.00 378.00
165.00 378.00
165.00 378.00
165.00 377.00
165.00 377.00
165.00 377.00
165.00 377.00
165.00 377.00
165.00 377.00
166.00 377.00
166.00 377.00
166.00 377.00
166.00 377.00
166.00 377.00
166.00 377.00
166.00 377.00
166.00 377.00
166.00 377.00
166.00 377.00
166.00 377.00
166.00 376.00
166.00 376.00
166.00 376.00
166.00 376.00
167.00 376.00
167.00 376.00
167.00 376.00
167.00 376.00
167.00 376.00
167.00 376.00
167.00 375.00
167.00 375.00
167.00 375.00
167.00 375.00
168.00 375.00
168.00 375.00
168.00 375.00
168.00 375.00
168.00 374.00
168.00 374.00
168.00 374.00
168.00 374.00
169.00 374.00
169.00 374.00
169.00 374.00
169.00 373.00
169.00 373.00
169.00 373.00
169.00 373.00
170.00 373.00
170.00 373.00
170.00 372.00
170.00 372.00
170.00 372.00
170.00 372.00
171.00 372.00
171.00 371.00
171.00 371.00
171.00 371.00
171.00 371.00
171.00 371.00
172.00 370.00
172.00 370.00
172.00 370.00
172.00 370.00
172.00 369.00
173.00 369.00
173.00 369.00
173.00 369.00
173.00 368.00
173.00 368.00
174.00 368.00
174.00 368.00
174.00 367.00
174.00 367.00
175.00 367.00
175.00 367.00
175.00 366.00
175.00 366.00
175.00 366.00
176.00 365.00
176.00 365.00
176.00 365.00
176.00 365.00
177.00 364.00
177.00 364.00
177.00 364.00
178.00 363.00
178.00 363.00
178.00 363.00
178.00 362.00
179.00 362.00
179.00 362.00
179.00 361.00
179.00 361.00
180.00 361.00
180.00 360.00
180.00 360.00
181.00 360.00
181.00 359.00
181.00 359.00
182.00 358.00
182.00 358.00
182.00 358.00
182.00 357.00
183.00 357.00
183.00 357.00
183.00 356.00
184.00 356.00
184.00 355.00
184.00 355.00
185.00 355.00
185.00 354.00
185.00 354.00
186.00 353.00
186.00 353.00
186.00 352.00
187.00 352.00
187.00 351.00
188.00 351.00
188.00 351.00
188.00 350.00
189.00 350.00
189.00 349.00
189.00 349.00
190.00 348.00
190.00 348.00
191.00 347.00
191.00 347.00
191.00 346.00
192.00 346.00
192.00 345.00
192.00 345.00
193.00 344.00
193.00 344.00
194.00 343.00
194.00 343.00
195.00 342.00
195.00 342.00
195.00 341.00
196.00 341.00
196.00 340.00
197.00 339.00
197.00 339.00
198.00 338.00
198.00 338.00
198.00 337.00
199.00 337.00
199.00 336.00
200.00 335.00
200.00 335.00
201.00 334.00
201.00 334.00
202.00 333.00
202.00 332.00
202.00 332.00
203.00 331.00
203.00 330.00
204.00 330.00
204.00 329.00
205.00 329.00
205.00 328.00
206.00 327.00
206.00 327.00
207.00 326.00
207.00 325.00
208.00 325.00
208.00 324.00
209.00 323.00
209.00 323.00
210.00 322.00
210.00 321.00
211.00 320.00
211.00 320.00
212.00 319.00
212.00 318.00
213.00 318.00
213.00 317.00
214.00 316.00
214.00 315.00
215.00 315.00
215.00 314.00
216.00 313.00
217.00 312.00
217.00 312.00
218.00 311.00
218.00 310.00
219.00 309.00
219.00 309.00
220.00 308.00
220.00 307.00
221.00 306.00
221.00 305.00
222.00 305.00
223.00 304.00
223.00 303.00
224.00 302.00
224.00 301.00
225.00 301.00
225.00 300.00
226.00 299.00
227.00 298.00
227.00 297.00
228.00 296.00
228.00 296.00
229.00 295.00
229.00 294.00
230.00 293.00
230.00 293.00
230.00 293.00
230.00 293.00
230.00 293.00
230.00 293.00
230.00 293.00
230.00 293.00
230.00 293.00
230.00 293.00
230.00 294.00
230.00 294.00
230.00 294.00
230.00 294.00
230.00 294.00
230.00 294.00
230.00 294.00
230.00 294.00
229.00 294.00
229.00 294.00
229.00 294.00
229.00 294.00
229.00 294.00
229.00 294.00
229.00 294.00
229.00 294.00
229.00 294.00
229.00 294.00
229.00 294.00
229.00 294.00
229.00 294.00
229.00 294.00
229.00 294.00
229.00 294.00
229.00 294.00
229.00 294.00
229.00 294.00
229.00 294.00
229.00 294.00
229.00 294.00
229.00 294.00
229.00 294.00
229.00 294.00
229.00 294.00
229.00 294.00
229.00 294.00
229.00 294.00
229.00 294.00
229.00 294.00
229.00 294.00
229.00 294.00
229.00 294.00
229.00 294.00
229.00 294.00
229.00 294.00
229.00 294.00
229.00 294.00
229.00 294.00
229.00 294.00
229.00 294.00
229.00 294.00
230.00 294.00
230.00 294.00
230.00 294.00
230.00 294.00
230.00 294.00
230.00 294.00
230.00 294.00
230.00 294.00
230.00 294.00
230.00 294.00
230.00 294.00
230.00 294.00
230.00 294.00
230.00 294.00
230.00 293.00
230.00 293.00
230.00 293.00
230.00 293.00
230.00 293.00
230.00 293.00
230.00 293.00
230.00 293.00
230.00 293.00
230.00 293.00
230.00 293.00
230.00 293.00
230.00 293.00
230.00 293.00
230.00 293.00
231.00 293.00
231.00 293.00
231.00 293.00
231.00 292.00
231.00 292.00
231.00 292.00
231.00 292.00
231.00 292.00
231.00 292.00
231.00 292.00
231.00 293.00
230.00 293.00
230.00 294.00
229.00 294.00
229.00 295.00
229.00 296.00
228.00 296.00
228.00 297.00
227.00 297.00
227.00 298.00
227.00 298.00
226.00 299.00
226.00 300.00
226.00 300.00
225.00 301.00
225.00 301.00
224.00 302.00
224.00 302.00
224.00 303.00
223.00 303.00
223.00 304.00
223.00 304.00
222.00 305.00
222.00 306.00
221.00 306.00
221.00 307.00
221.00 307.00
220.00 308.00
220.00 308.00
220.00 309.00
219.00 309.00
219.00 310.00
219.00 310.00
218.00 311.00
218.00 311.00
218.00 312.00
217.00 312.00
217.00 313.00
217.00 313.00
216.00 314.00
216.00 314.00
216.00 315.00
215.00 315.00
215.00 316.00
215.00 316.00
214.00 317.00
214.00 317.00
214.00 317.00
213.00 318.00
213.00 318.00
213.00 319.00
212.00 319.00
212.00 320.00
212.00 320.00
211.00 321.00
211.00 321.00
211.00 321.00
211.00 320.00
212.00 320.00
212.00 320.00
212.00 319.00
212.00 319.00
213.00 319.00
213.00 319.00
213.00 318.00
213.00 318.00
213.00 318.00
214.00 317.00
214.00 317.00
214.00 317.00
214.00 316.00
215.00 316.00
215.00 316.00
215.00 315.00
215.00 315.00
216.00 315.00
216.00 314.00
216.00 314.00
216.00 313.00
217.00 313.00
217.00 313.00
217.00 312.00
217.00 312.00
218.00 312.00
218.00 311.00
218.00 311.00
218.00 311.00
219.00 310.00
219.00 310.00
219.00 309.00
220.00 309.00
220.00 309.00
220.00 308.00
220.00 308.00
221.00 307.00
221.00 307.00
221.00 307.00
222.00 306.00
222.00 306.00
222.00 305.00
222.00 305.00
223.00 305.00
223.00 304.00
223.00 304.00
224.00 303.00
224.00 303.00
224.00 303.00
224.00 302.00
225.00 302.00
225.00 301.00
225.00 301.00
226.00 300.00
226.00 300.00
226.00 299.00
227.00 299.00
227.00 299.00
227.00 298.00
227.00 298.00
228.00 297.00
228.00 297.00
228.00 296.00
229.00 296.00
229.00 295.00
229.00 295.00
230.00 294.00
230.00 294.00
230.00 294.00
230.00 294.00
230.00 294.00
230.00 294.00
230.00 294.00
230.00 295.00
229.00 295.00
229.00 295.00
229.00 295.00
229.00 295.00
229.00 295.00
229.00 295.00
229.00 295.00
229.00 295.00
229.00 295.00
229.00 295.00
229.00 296.00
229.00 296.00
229.00 296.00
229.00 296.00
229.00 296.00
229.00 296.00
228.00 296.00
228.00 296.00
228.00 296.00
228.00 296.00
228.00 296.00
228.00 296.00
228.00 296.00
228.00 296.00
228.00 296.00
228.00 297.00
228.00 297.00
228.00 297.00
228.00 297.00
228.00 297.00
228.00 297.00
228.00 297.00
228.00 297.00
228.00 297.00
228.00 297.00
228.00 297.00
228.00 297.00
228.00 297.00
228.00 297.00
228.00 297.00
227.00 297.00
227.00 297.00
227.00 297.00
227.00 297.00
227.00 297.00
227.00 297.00
227.00 297.00
227.00 297.00
227.00 297.00
227.00 297.00
227.00 297.00
227.00 297.00
227.00 297.00
227.00 297.00
227.00 297.00
227.00 297.00
227.00 297.00
227.00 298.00
227.00 298.00
227.00 298.00
227.00 298.00
227.00 298.00
227.00 298.00
227.00 298.00
227.00 298.00
227.00 298.00
227.00 298.00
227.00 297.00
227.00 297.00
227.00 297.00
227.00 297.00
227.00 297.00
227.00 297.00
227.00 297.00
227.00 297.00
227.00 297.00
227.00 297.00
227.00 297.00
227.00 297.00
227.00 297.00
227.00 297.00
227.00 297.00
227.00 297.00
227.00 297.00
227.00 297.00
227.00 297.00
227.00 297.00
227.00 297.00
227.00 297.00
227.00 297.00
227.00 297.00
227.00 297.00
227.00 297.00
227.00 297.00
227.00 297.00
227.00 297.00
227.00 297.00
227.00 297.00
227.00 297.00
228.00 296.00
228.00 296.00
228.00 296.00
228.00 296.00
228.00 296.00
228.00 296.00
228.00 296.00
228.00 296.00
228.00 296.00
228.00 296.00
228.00 296.00
228.00 296.00
228.00 296.00
228.00 296.00
228.00 296.00
228.00 295.00
228.00 295.00
228.00 295.00
228.00 295.00
228.00 295.00
228.00 295.00
228.00 295.00
228.00 295.00
229.00 295.00
229.00 295.00
229.00 295.00
229.00 294.00
229.00 294.00
229.00 294.00
229.00 294.00
229.00 294.00
229.00 294.00
229.00 295.00
228.00 295.00
228.00 296.00
228.00 296.00
227.00 297.00
227.00 297.00
226.00 298.00
226.00 298.00
226.00 299.00
225.00 299.00
225.00 300.00
225.00 300.00
224.00 301.00
224.00 301.00
224.00 302.00
223.00 302.00
223.00 303.00
223.00 303.00
222.00 304.00
222.00 304.00
222.00 305.00
221.00 305.00
221.00 306.00
221.00 306.00
220.00 307.00
220.00 307.00
220.00 308.00
219.00 308.00
219.00 309.00
219.00 309.00
218.00 310.00
218.00 310.00
218.00 310.00
217.00 311.00
217.00 311.00
217.00 312.00
216.00 312.00
216.00 313.00
216.00 313.00
215.00 314.00
215.00 314.00
215.00 314.00
214.00 315.00
214.00 315.00
214.00 316.00
214.00 316.00
213.00 317.00
213.00 317.00
213.00 317.00
212.00 318.00
212.00 318.00
212.00 319.00
212.00 319.00
211.00 319.00
211.00 320.00
211.00 320.00
210.00 321.00
210.00 321.00
210.00 321.00
210.00 322.00
209.00 322.00
209.00 322.00
209.00 323.00
209.00 323.00
208.00 324.00
208.00 324.00
208.00 324.00
208.00 325.00
207.00 325.00
207.00 325.00
207.00 326.00
206.00 326.00
206.00 326.00
206.00 327.00
206.00 327.00
206.00 327.00
205.00 328.00
205.00 328.00
205.00 328.00
205.00 329.00
204.00 329.00
204.00 329.00
204.00 330.00
204.00 330.00
203.00 330.00
203.00 330.00
203.00 331.00
203.00 331.00
203.00 331.00
202.00 332.00
202.00 332.00
202.00 332.00
202.00 332.00
202.00 333.00
201.00 333.00
201.00 333.00
201.00 334.00
201.00 334.00
201.00 334.00
200.00 334.00
200.00 335.00
200.00 335.00
200.00 335.00
200.00 335.00
199.00 336.00
199.00 336.00
199.00 336.00
199.00 336.00
199.00 337.00
199.00 337.00
198.00 337.00
198.00 337.00
198.00 337.00
198.00 338.00
198.00 338.00
198.00 338.00
197.00 338.00
197.00 338.00
197.00 339.00
197.00 339.00
197.00 339.00
197.00 339.00
196.00 339.00
196.00 340.00
196.00 340.00
196.00 340.00
196.00 340.00
196.00 340.00
196.00 341.00
196.00 341.00
195.00 341.00
195.00 341.00
195.00 341.00
195.00 341.00
195.00 342.00
195.00 342.00
195.00 342.00
195.00 342.00
194.00 342.00
194.00 342.00
194.00 342.00
194.00 343.00
194.00 343.00
194.00 343.00
194.00 343.00
194.00 343.00
194.00 343.00
194.00 343.00
194.00 343.00
193.00 344.00
193.00 344.00
193.00 344.00
193.00 344.00
193.00 344.00
193.00 344.00
193.00 344.00
193.00 344.00
193.00 344.00
193.00 344.00
193.00 345.00
193.00 345.00
193.00 345.00
192.00 345.00
192.00 345.00
192.00 345.00
192.00 345.00
192.00 345.00
192.00 345.00
192.00 345.00
192.00 345.00
192.00 345.00
192.00 345.00
192.00 345.00
192.00 345.00
192.00 346.00
192.00 346.00
192.00 346.00
192.00 346.00
192.00 346.00
192.00 346.00
192.00 346.00
192.00 346.00
192.00 346.00
192.00 346.00
192.00 346.00
192.00 346.00
192.00 346.00
192.00 346.00
