114.00 433.00
114.00 433.00
114.00 433.00
114.00 433.00
114.00 433.00
114.00 433.00
114.00 433.00
114.00 433.00
114.00 433.00
114.00 433.00
114.00 433.00
114.00 433.00
114.00 433.00
114.00 433.00
114.00 433.00
114.00 433.00
115.00 433.00
115.00 433.00
115.00 433.00
115.00 433.00
115.00 433.00
115.00 433.00
115.00 433.00
115.00 433.00
115.00 432.00
115.00 432.00
115.00 432.00
115.00 432.00
115.00 432.00
115.00 432.00
116.00 432.00
116.00 432.00
116.00 432.00
116.00 432.00
116.00 432.00
116.00 432.00
116.00 431.00
116.00 431.00
116.00 431.00
117.00 431.00
117.00 431.00
117.00 431.00
117.00 431.00
117.00 431.00
117.00 431.00
117.00 430.00
118.00 430.00
118.00 430.00
118.00 430.00
118.00 430.00
118.00 430.00
118.00 430.00
119.00 430.00
119.00 429.00
119.00 429.00
119.00 429.00
119.00 429.00
119.00 429.00
120.00 429.00
120.00 428.00
120.00 428.00
120.00 428.00
120.00 428.00
121.00 428.00
121.00 428.00
121.00 427.00
121.00 427.00
121.00 427.00
122.00 427.00
122.00 427.00
122.00 426.00
122.00 426.00
123.00 426.00
123.00 426.00
123.00 426.00
123.00 425.00
124.00 425.00
124.00 425.00
124.00 425.00
124.00 424.00
125.00 424.00
125.00 424.00
125.00 424.00
126.00 423.00
126.00 423.00
126.00 423.00
126.00 423.00
127.00 422.00
127.00 422.00
127.00 422.00
128.00 422.00
128.00 421.00
128.00 421.00
129.00 421.00
129.00 420.00
129.00 420.00
130.00 420.00
130.00 420.00
130.00 419.00
131.00 419.00
131.00 419.00
131.00 418.00
132.00 418.00
132.00 418.00
133.00 417.00
133.00 417.00
133.00 417.00
134.00 416.00
134.00 416.00
135.00 415.00
135.00 415.00
135.00 415.00
136.00 414.00
136.00 414.00
137.00 414.00
137.00 413.00
137.00 413.00
138.00 412.00
138.00 412.00
139.00 411.00
139.00 411.00
140.00 411.00
140.00 410.00
141.00 410.00
141.00 409.00
142.00 409.00
142.00 408.00
143.00 408.00
143.00 407.00
144.00 407.00
144.00 406.00
145.00 406.00
145.00 405.00
146.00 405.00
146.00 404.00
147.00 404.00
147.00 403.00
148.00 403.00
148.00 402.00
149.00 402.00
150.00 401.00
150.00 400.00
151.00 400.00
151.00 399.00
152.00 399.00
152.00 398.00
153.00 397.00
154.00 397.00
154.00 396.00
155.00 395.00
156.00 395.00
156.00 394.00
157.00 393.00
158.00 393.00
158.00 392.00
159.00 391.00
160.00 391.00
160.00 390.00
161.00 389.00
162.00 388.00
162.00 388.00
163.00 387.00
164.00 386.00
164.00 385.00
165.00 385.00
166.00 384.00
167.00 383.00
167.00 382.00
168.00 381.00
169.00 380.00
170.00 379.00
170.00 379.00
171.00 378.00
172.00 377.00
173.00 376.00
174.00 375.00
174.00 374.00
175.00 373.00
176.00 372.00
177.00 371.00
178.00 370.00
178.00 369.00
179.00 368.00
180.00 367.00
181.00 366.00
181.00 366.00
181.00 366.00
180.00 367.00
180.00 367.00
180.00 367.00
180.00 367.00
180.00 368.00
180.00 368.00
179.00 368.00
179.00 368.00
179.00 368.00
179.00 368.00
179.00 369.00
179.00 369.00
179.00 369.00
178.00 369.00
178.00 369.00
178.00 370.00
178.00 370.00
178.00 370.00
178.00 370.00
178.00 370.00
177.00 370.00
177.00 370.00
177.00 371.00
177.00 371.00
177.00 371.00
177.00 371.00
177.00 371.00
177.00 371.00
177.00 371.00
176.00 372.00
176.00 372.00
176.00 372.00
176.00 372.00
176.00 372.00
176.00 372.00
176.00 372.00
176.00 372.00
176.00 372.00
176.00 373.00
176.00 373.00
176.00 373.00
175.00 373.00
175.00 373.00
175.00 373.00
175.00 373.00
175.00 373.00
175.00 373.00
175.00 373.00
175.00 373.00
175.00 373.00
175.00 373.00
175.00 373.00
175.00 373.00
175.00 374.00
175.00 374.00
175.00 374.00
175.00 374.00
175.00 374.00
175.00 374.00
175.00 374.00
175.00 374.00
175.00 374.00
175.00 374.00
175.00 374.00
175.00 374.00
175.00 374.00
175.00 374.00
175.00 374.00
175.00 374.00
175.00 374.00
175.00 374.00
175.00 374.00
175.00 374.00
175.00 374.00
175.00 374.00
175.00 374.00
175.00 374.00
175.00 374.00
175.00 374.00
175.00 374.00
175.00 374.00
175.00 374.00
175.00 374.00
175.00 374.00
175.00 374.00
175.00 373.00
175.00 373.00
175.00 373.00
175.00 373.00
175.00 373.00
175.00 373.00
175.00 373.00
175.00 373.00
175.00 373.00
175.00 373.00
176.00 373.00
176.00 373.00
176.00 373.00
176.00 373.00
176.00 372.00
176.00 372.00
176.00 372.00
176.00 372.00
176.00 372.00
176.00 372.00
176.00 372.00
176.00 372.00
177.00 372.00
177.00 371.00
177.00 371.00
177.00 371.00
177.00 371.00
177.00 371.00
177.00 371.00
177.00 371.00
177.00 370.00
178.00 370.00
178.00 370.00
178.00 370.00
178.00 370.00
178.00 370.00
178.00 370.00
178.00 369.00
179.00 369.00
179.00 369.00
179.00 369.00
179.00 369.00
179.00 369.00
179.00 368.00
179.00 368.00
180.00 368.00
180.00 368.00
180.00 368.00
180.00 367.00
180.00 367.00
180.00 367.00
181.00 367.00
181.00 366.00
181.00 366.00
181.00 366.00
181.00 366.00
182.00 366.00
182.00 365.00
182.00 365.00
182.00 365.00
182.00 365.00
183.00 364.00
183.00 364.00
183.00 364.00
183.00 364.00
183.00 363.00
184.00 363.00
184.00 363.00
184.00 362.00
184.00 362.00
184.00 362.00
185.00 362.00
185.00 361.00
185.00 361.00
185.00 361.00
186.00 360.00
186.00 360.00
186.00 360.00
186.00 360.00
187.00 359.00
187.00 359.00
187.00 359.00
187.00 358.00
188.00 358.00
188.00 358.00
188.00 357.00
188.00 357.00
189.00 357.00
189.00 356.00
189.00 356.00
190.00 355.00
190.00 355.00
190.00 355.00
190.00 354.00
191.00 354.00
191.00 354.00
191.00 353.00
192.00 353.00
192.00 352.00
192.00 352.00
192.00 352.00
193.00 351.00
193.00 351.00
193.00 350.00
194.00 350.00
194.00 350.00
194.00 349.00
195.00 349.00
195.00 348.00
195.00 348.00
196.00 347.00
196.00 347.00
196.00 346.00
197.00 346.00
197.00 346.00
197.00 345.00
198.00 345.00
198.00 344.00
198.00 344.00
199.00 343.00
199.00 343.00
200.00 342.00
200.00 342.00
200.00 341.00
201.00 341.00
201.00 340.00
201.00 340.00
202.00 339.00
202.00 339.00
202.00 338.00
203.00 338.00
203.00 337.00
204.00 337.00
204.00 336.00
204.00 335.00
205.00 335.00
205.00 334.00
206.00 334.00
206.00 333.00
206.00 333.00
207.00 332.00
207.00 331.00
208.00 331.00
208.00 330.00
208.00 330.00
209.00 329.00
209.00 328.00
210.00 328.00
210.00 327.00
211.00 327.00
211.00 326.00
211.00 326.00
211.00 326.00
211.00 327.00
210.00 327.00
210.00 327.00
210.00 327.00
210.00 328.00
210.00 328.00
210.00 328.00
210.00 328.00
209.00 328.00
209.00 329.00
209.00 329.00
209.00 329.00
209.00 329.00
209.00 329.00
209.00 329.00
209.00 330.00
208.00 330.00
208.00 330.00
208.00 330.00
208.00 330.00
208.00 330.00
208.00 331.00
208.00 331.00
208.00 331.00
208.00 331.00
207.00 331.00
207.00 331.00
207.00 332.00
207.00 332.00
207.00 332.00
207.00 332.00
207.00 332.00
207.00 332.00
207.00 332.00
207.00 333.00
206.00 333.00
206.00 333.00
206.00 333.00
206.00 333.00
206.00 333.00
206.00 333.00
206.00 333.00
206.00 333.00
206.00 334.00
206.00 334.00
206.00 334.00
206.00 334.00
206.00 334.00
205.00 334.00
205.00 334.00
205.00 334.00
205.00 334.00
205.00 334.00
205.00 335.00
205.00 335.00
205.00 335.00
205.00 335.00
205.00 335.00
205.00 335.00
205.00 335.00
205.00 335.00
205.00 335.00
205.00 335.00
205.00 335.00
205.00 335.00
205.00 335.00
205.00 335.00
205.00 335.00
205.00 335.00
205.00 335.00
205.00 335.00
205.00 336.00
204.00 336.00
204.00 336.00
204.00 336.00
204.00 336.00
204.00 336.00
204.00 336.00
204.00 336.00
204.00 336.00
204.00 336.00
204.00 336.00
204.00 336.00
204.00 336.00
204.00 336.00
204.00 336.00
204.00 336.00
204.00 336.00
204.00 336.00
204.00 336.00
204.00 336.00
204.00 336.00
204.00 336.00
204.00 336.00
204.00 336.00
205.00 336.00
205.00 336.00
205.00 336.00
205.00 336.00
205.00 335.00
205.00 335.00
205.00 335.00
205.00 335.00
205.00 335.00
205.00 335.00
205.00 335.00
205.00 335.00
205.00 335.00
205.00 335.00
205.00 335.00
205.00 335.00
205.00 335.00
205.00 335.00
205.00 335.00
205.00 335.00
205.00 335.00
205.00 334.00
205.00 334.00
205.00 334.00
206.00 334.00
206.00 334.00
206.00 334.00
206.00 334.00
206.00 334.00
206.00 334.00
206.00 334.00
206.00 333.00
206.00 333.00
206.00 333.00
206.00 333.00
206.00 333.00
206.00 333.00
207.00 333.00
207.00 333.00
207.00 333.00
207.00 332.00
207.00 332.00
207.00 332.00
207.00 332.00
207.00 332.00
207.00 332.00
207.00 332.00
207.00 331.00
208.00 331.00
208.00 331.00
208.00 331.00
208.00 331.00
208.00 331.00
208.00 331.00
208.00 330.00
208.00 330.00
208.00 330.00
209.00 330.00
209.00 330.00
209.00 329.00
209.00 329.00
209.00 329.00
209.00 329.00
209.00 329.00
210.00 329.00
210.00 328.00
210.00 328.00
210.00 328.00
210.00 328.00
210.00 328.00
210.00 327.00
210.00 327.00
211.00 327.00
211.00 327.00
211.00 326.00
211.00 326.00
211.00 326.00
211.00 326.00
212.00 326.00
212.00 325.00
212.00 325.00
212.00 325.00
212.00 325.00
212.00 324.00
213.00 324.00
213.00 324.00
213.00 324.00
213.00 323.00
213.00 323.00
213.00 323.00
214.00 323.00
214.00 322.00
214.00 322.00
214.00 322.00
214.00 322.00
214.00 321.00
215.00 321.00
215.00 321.00
215.00 320.00
215.00 320.00
215.00 320.00
216.00 320.00
216.00 319.00
216.00 319.00
216.00 319.00
215.00 320.00
215.00 320.00
215.00 321.00
215.00 321.00
214.00 322.00
214.00 322.00
214.00 322.00
213.00 323.00
213.00 323.00
213.00 324.00
213.00 324.00
212.00 324.00
212.00 325.00
212.00 325.00
212.00 325.00
211.00 326.00
211.00 326.00
211.00 327.00
210.00 327.00
210.00 327.00
210.00 328.00
210.00 328.00
209.00 328.00
209.00 329.00
209.00 329.00
209.00 329.00
208.00 330.00
208.00 330.00
208.00 330.00
208.00 331.00
207.00 331.00
207.00 331.00
207.00 332.00
207.00 332.00
207.00 332.00
206.00 333.00
206.00 333.00
206.00 333.00
206.00 334.00
205.00 334.00
205.00 334.00
205.00 335.00
205.00 335.00
205.00 335.00
204.00 335.00
204.00 336.00
204.00 336.00
204.00 336.00
204.00 337.00
203.00 337.00
203.00 337.00
203.00 337.00
203.00 338.00
203.00 338.00
202.00 338.00
202.00 338.00
202.00 339.00
202.00 339.00
202.00 339.00
201.00 339.00
201.00 340.00
201.00 340.00
201.00 340.00
201.00 340.00
201.00 341.00
200.00 341.00
200.00 341.00
200.00 341.00
200.00 341.00
200.00 342.00
200.00 342.00
199.00 342.00
199.00 342.00
199.00 343.00
199.00 343.00
199.00 343.00
199.00 343.00
199.00 343.00
198.00 343.00
198.00 344.00
198.00 344.00
198.00 344.00
199.00 343.00
200.00 342.00
200.00 341.00
201.00 339.00
202.00 338.00
203.00 337.00
204.00 336.00
205.00 335.00
205.00 333.00
206.00 332.00
207.00 331.00
208.00 330.00
209.00 328.00
210.00 327.00
211.00 326.00
212.00 324.00
212.00 323.00
213.00 322.00
214.00 320.00
215.00 319.00
216.00 318.00
217.00 316.00
218.00 315.00
219.00 313.00
220.00 312.00
221.00 310.00
222.00 309.00
222.00 308.00
223.00 306.00
224.00 305.00
225.00 303.00
226.00 302.00
227.00 300.00
228.00 299.00
229.00 297.00
230.00 296.00
231.00 294.00
231.00 294.00
231.00 294.00
231.00 294.00
231.00 294.00
231.00 294.00
231.00 294.00
231.00 294.00
231.00 294.00
231.00 294.00
231.00 294.00
231.00 294.00
231.00 294.00
231.00 294.00
231.00 294.00
231.00 294.00
231.00 294.00
231.00 294.00
231.00 294.00
231.00 294.00
231.00 294.00
231.00 294.00
231.00 294.00
231.00 294.00
231.00 294.00
231.00 294.00
231.00 294.00
231.00 294.00
231.00 294.00
231.00 294.00
231.00 294.00
231.00 294.00
231.00 294.00
231.00 294.00
231.00 294.00
231.00 294.00
231.00 294.00
231.00 294.00
231.00 294.00
231.00 294.00
231.00 294.00
231.00 294.00
231.00 294.00
231.00 294.00
231.00 294.00
230.00 296.00
229.00 298.00
228.00 299.00
226.00 301.00
225.00 303.00
224.00 305.00
223.00 306.00
222.00 308.00
221.00 310.00
220.00 311.00
219.00 313.00
218.00 315.00
216.00 316.00
215.00 318.00
214.00 320.00
213.00 321.00
212.00 323.00
211.00 324.00
210.00 326.00
209.00 327.00
208.00 329.00
207.00 330.00
206.00 332.00
205.00 333.00
204.00 335.00
203.00 336.00
202.00 338.00
201.00 339.00
200.00 340.00
199.00 342.00
198.00 343.00
197.00 345.00
196.00 346.00
195.00 347.00
194.00 348.00
193.00 350.00
192.00 351.00
191.00 352.00
190.00 353.00
189.00 355.00
188.00 356.00
187.00 357.00
186.00 358.00
185.00 359.00
185.00 360.00
184.00 362.00
183.00 363.00
182.00 364.00
181.00 365.00
180.00 366.00
179.00 367.00
178.00 368.00
178.00 369.00
177.00 370.00
176.00 371.00
175.00 372.00
174.00 373.00
174.00 374.00
173.00 375.00
172.00 376.00
171.00 377.00
170.00 378.00
170.00 379.00
169.00 379.00
168.00 380.00
167.00 381.00
167.00 382.00
166.00 383.00
165.00 384.00
164.00 385.00
164.00 385.00
163.00 386.00
162.00 387.00
162.00 388.00
161.00 388.00
160.00 389.00
160.00 390.00
159.00 391.00
158.00 391.00
158.00 392.00
157.00 393.00
156.00 393.00
156.00 394.00
155.00 395.00
154.00 395.00
154.00 396.00
153.00 397.00
153.00 397.00
152.00 398.00
151.00 399.00
151.00 399.00
150.00 400.00
150.00 400.00
149.00 401.00
148.00 402.00
148.00 402.00
147.00 403.00
147.00 403.00
146.00 404.00
146.00 404.00
145.00 405.00
145.00 405.00
144.00 406.00
144.00 406.00
143.00 407.00
143.00 407.00
142.00 408.00
142.00 408.00
141.00 409.00
141.00 409.00
140.00 410.00
140.00 410.00
139.00 411.00
139.00 411.00
138.00 411.00
138.00 412.00
137.00 412.00
137.00 413.00
137.00 413.00
136.00 414.00
136.00 414.00
135.00 414.00
135.00 415.00
135.00 415.00
134.00 415.00
134.00 416.00
133.00 416.00
133.00 417.00
133.00 417.00
132.00 417.00
132.00 418.00
131.00 418.00
131.00 418.00
131.00 419.00
130.00 419.00
130.00 419.00
130.00 420.00
129.00 420.00
129.00 420.00
129.00 420.00
128.00 421.00
128.00 421.00
128.00 421.00
127.00 422.00
127.00 422.00
127.00 422.00
126.00 422.00
126.00 423.00
126.00 423.00
126.00 423.00
125.00 423.00
125.00 424.00
125.00 424.00
124.00 424.00
124.00 424.00
124.00 425.00
124.00 425.00
123.00 425.00
123.00 425.00
123.00 426.00
123.00 426.00
122.00 426.00
122.00 426.00
122.00 426.00
122.00 427.00
122.00 427.00
121.00 427.00
121.00 427.00
121.00 427.00
121.00 428.00
120.00 428.00
120.00 428.00
120.00 428.00
120.00 428.00
120.00 428.00
119.00 429.00
119.00 429.00
119.00 429.00
119.00 429.00
119.00 429.00
119.00 429.00
118.00 430.00
118.00 430.00
118.00 430.00
118.00 430.00
118.00 430.00
118.00 430.00
117.00 430.00
117.00 430.00
117.00 431.00
117.00 431.00
117.00 431.00
117.00 431.00
117.00 431.00
116.00 431.00
116.00 431.00
116.00 431.00
116.00 431.00
116.00 432.00
116.00 432.00
116.00 432.00
116.00 432.00
116.00 432.00
115.00 432.00
115.00 432.00
115.00 432.00
115.00 432.00
115.00 432.00
115.00 432.00
115.00 432.00
115.00 433.00
115.00 433.00
115.00 433.00
115.00 433.00
115.00 433.00
115.00 433.00
115.00 433.00
114.00 433.00
114.00 433.00
114.00 433.00
114.00 433.00
114.00 433.00
114.00 433.00
114.00 433.00
114.00 433.00
114.00 433.00
114.00 433.00
114.00 433.00
114.00 433.00
114.00 433.00
114.00 433.00
114.00 433.00
114.00 433.00
114.00 433.00
114.00 433.00
114.00 433.00
