210.00 356.00
210.00 356.00
210.00 356.00
210.00 356.00
210.00 356.00
210.00 356.00
210.00 356.00
210.00 356.00
210.00 356.00
210.00 356.00
210.00 356.00
210.00 356.00
210.00 355.00
210.00 355.00
210.00 355.00
210.00 355.00
210.00 355.00
210.00 355.00
210.00 355.00
210.00 355.00
210.00 355.00
210.00 355.00
210.00 355.00
210.00 355.00
210.00 355.00
210.00 355.00
210.00 355.00
210.00 354.00
210.00 354.00
211.00 354.00
211.00 354.00
211.00 354.00
211.00 354.00
211.00 354.00
211.00 354.00
211.00 354.00
211.00 354.00
211.00 353.00
211.00 353.00
211.00 353.00
211.00 353.00
211.00 353.00
211.00 353.00
211.00 353.00
211.00 353.00
212.00 352.00
212.00 352.00
212.00 352.00
212.00 352.00
212.00 352.00
212.00 352.00
212.00 351.00
212.00 351.00
212.00 351.00
212.00 351.00
212.00 351.00
213.00 351.00
213.00 350.00
213.00 350.00
213.00 350.00
213.00 350.00
213.00 350.00
213.00 349.00
213.00 349.00
213.00 349.00
213.00 349.00
214.00 349.00
214.00 348.00
214.00 348.00
214.00 348.00
214.00 348.00
214.00 348.00
214.00 347.00
214.00 347.00
214.00 347.00
215.00 347.00
215.00 346.00
215.00 346.00
215.00 346.00
215.00 346.00
215.00 345.00
215.00 345.00
216.00 345.00
216.00 345.00
216.00 344.00
216.00 344.00
216.00 344.00
216.00 344.00
216.00 343.00
217.00 343.00
217.00 343.00
217.00 342.00
217.00 342.00
217.00 342.00
217.00 342.00
217.00 341.00
218.00 341.00
218.00 341.00
218.00 340.00
218.00 340.00
218.00 340.00
218.00 339.00
219.00 339.00
219.00 339.00
219.00 338.00
219.00 338.00
219.00 338.00
219.00 337.00
220.00 337.00
220.00 337.00
220.00 336.00
220.00 336.00
220.00 336.00
220.00 335.00
221.00 335.00
221.00 335.00
221.00 334.00
221.00 334.00
221.00 333.00
222.00 333.00
222.00 333.00
222.00 332.00
222.00 332.00
222.00 332.00
222.00 331.00
223.00 331.00
223.00 330.00
223.00 330.00
223.00 330.00
223.00 329.00
224.00 329.00
224.00 328.00
224.00 328.00
224.00 327.00
225.00 327.00
225.00 327.00
225.00 326.00
225.00 326.00
225.00 325.00
226.00 325.00
226.00 324.00
226.00 324.00
226.00 323.00
226.00 323.00
227.00 322.00
227.00 322.00
227.00 322.00
227.00 321.00
228.00 321.00
228.00 320.00
228.00 320.00
228.00 319.00
228.00 319.00
229.00 318.00
229.00 318.00
229.00 317.00
229.00 317.00
230.00 316.00
230.00 316.00
230.00 315.00
230.00 315.00
231.00 314.00
231.00 313.00
231.00 313.00
231.00 312.00
232.00 312.00
232.00 311.00
232.00 311.00
232.00 310.00
232.00 310.00
233.00 309.00
233.00 309.00
233.00 308.00
233.00 307.00
234.00 307.00
234.00 306.00
234.00 306.00
234.00 305.00
235.00 305.00
235.00 304.00
235.00 304.00
235.00 304.00
235.00 304.00
235.00 305.00
235.00 305.00
235.00 305.00
235.00 305.00
234.00 305.00
234.00 305.00
234.00 306.00
234.00 306.00
234.00 306.00
234.00 306.00
234.00 306.00
234.00 306.00
234.00 306.00
234.00 307.00
234.00 307.00
234.00 307.00
234.00 307.00
234.00 307.00
234.00 307.00
234.00 307.00
234.00 307.00
234.00 308.00
234.00 308.00
233.00 308.00
233.00 308.00
233.00 308.00
233.00 308.00
233.00 308.00
233.00 308.00
233.00 308.00
233.00 309.00
233.00 309.00
233.00 309.00
233.00 309.00
233.00 309.00
233.00 309.00
233.00 309.00
233.00 309.00
233.00 309.00
233.00 309.00
233.00 310.00
233.00 310.00
233.00 310.00
233.00 310.00
233.00 310.00
233.00 310.00
233.00 310.00
233.00 310.00
233.00 310.00
233.00 310.00
233.00 310.00
232.00 310.00
232.00 310.00
232.00 310.00
232.00 311.00
232.00 311.00
232.00 311.00
232.00 311.00
232.00 311.00
232.00 311.00
232.00 311.00
232.00 311.00
232.00 311.00
232.00 311.00
232.00 311.00
232.00 311.00
232.00 311.00
232.00 311.00
232.00 311.00
232.00 311.00
232.00 311.00
232.00 311.00
232.00 311.00
232.00 311.00
232.00 311.00
232.00 311.00
232.00 311.00
232.00 311.00
232.00 311.00
232.00 311.00
232.00 311.00
232.00 311.00
232.00 311.00
232.00 311.00
232.00 311.00
232.00 311.00
232.00 311.00
232.00 311.00
232.00 311.00
232.00 311.00
232.00 311.00
232.00 311.00
232.00 311.00
232.00 311.00
232.00 311.00
232.00 311.00
232.00 311.00
232.00 311.00
232.00 311.00
232.00 311.00
232.00 311.00
232.00 311.00
232.00 311.00
232.00 311.00
233.00 311.00
233.00 311.00
233.00 311.00
233.00 311.00
233.00 311.00
233.00 311.00
233.00 311.00
233.00 311.00
233.00 311.00
233.00 310.00
233.00 310.00
233.00 310.00
233.00 310.00
233.00 310.00
233.00 310.00
233.00 310.00
233.00 310.00
233.00 310.00
233.00 310.00
233.00 310.00
233.00 310.00
233.00 310.00
233.00 310.00
233.00 309.00
233.00 309.00
233.00 309.00
233.00 309.00
233.00 309.00
233.00 309.00
234.00 309.00
234.00 309.00
234.00 309.00
234.00 309.00
234.00 309.00
234.00 308.00
234.00 308.00
234.00 308.00
234.00 308.00
234.00 308.00
234.00 309.00
233.00 309.00
233.00 310.00
233.00 310.00
233.00 311.00
232.00 312.00
232.00 312.00
232.00 313.00
232.00 313.00
231.00 314.00
231.00 315.00
231.00 315.00
231.00 316.00
230.00 316.00
230.00 317.00
230.00 318.00
229.00 318.00
229.00 319.00
229.00 319.00
229.00 320.00
228.00 320.00
228.00 321.00
228.00 321.00
228.00 322.00
227.00 322.00
227.00 323.00
227.00 323.00
227.00 324.00
226.00 325.00
226.00 325.00
226.00 326.00
226.00 326.00
226.00 327.00
225.00 327.00
225.00 328.00
225.00 328.00
225.00 329.00
224.00 329.00
224.00 330.00
224.00 330.00
224.00 330.00
223.00 331.00
223.00 331.00
223.00 332.00
223.00 332.00
223.00 333.00
222.00 333.00
222.00 334.00
222.00 334.00
222.00 335.00
221.00 335.00
221.00 335.00
221.00 336.00
221.00 336.00
221.00 337.00
220.00 337.00
220.00 338.00
220.00 338.00
220.00 338.00
220.00 339.00
219.00 339.00
219.00 340.00
219.00 340.00
219.00 340.00
219.00 341.00
218.00 341.00
218.00 341.00
218.00 342.00
218.00 342.00
218.00 343.00
217.00 343.00
217.00 343.00
217.00 344.00
217.00 344.00
217.00 344.00
216.00 345.00
216.00 345.00
216.00 345.00
216.00 346.00
216.00 346.00
216.00 346.00
215.00 347.00
215.00 347.00
215.00 347.00
215.00 348.00
215.00 348.00
215.00 348.00
214.00 349.00
214.00 349.00
214.00 349.00
214.00 349.00
214.00 350.00
214.00 350.00
214.00 350.00
213.00 351.00
213.00 351.00
213.00 351.00
213.00 351.00
213.00 352.00
213.00 352.00
212.00 352.00
212.00 352.00
212.00 353.00
212.00 353.00
212.00 353.00
212.00 353.00
212.00 354.00
212.00 354.00
211.00 354.00
211.00 354.00
211.00 354.00
211.00 355.00
211.00 355.00
211.00 355.00
211.00 355.00
211.00 356.00
210.00 356.00
210.00 356.00
210.00 356.00
210.00 356.00
210.00 357.00
210.00 357.00
210.00 357.00
210.00 357.00
210.00 357.00
210.00 357.00
209.00 358.00
209.00 358.00
209.00 358.00
209.00 358.00
209.00 358.00
209.00 358.00
209.00 359.00
209.00 359.00
209.00 359.00
209.00 359.00
209.00 359.00
208.00 359.00
208.00 359.00
208.00 360.00
208.00 360.00
208.00 360.00
208.00 360.00
208.00 360.00
209.00 358.00
210.00 356.00
212.00 354.00
213.00 352.00
214.00 349.00
215.00 347.00
216.00 345.00
218.00 343.00
219.00 340.00
220.00 338.00
221.00 335.00
222.00 333.00
224.00 330.00
225.00 328.00
226.00 325.00
227.00 322.00
229.00 320.00
230.00 317.00
230.00 317.00
230.00 317.00
230.00 317.00
230.00 317.00
230.00 317.00
230.00 317.00
230.00 317.00
230.00 317.00
230.00 317.00
230.00 317.00
230.00 317.00
230.00 317.00
230.00 317.00
230.00 317.00
230.00 317.00
230.00 317.00
230.00 317.00
230.00 318.00
230.00 318.00
230.00 318.00
230.00 318.00
230.00 318.00
230.00 318.00
230.00 318.00
230.00 318.00
230.00 318.00
230.00 317.00
230.00 317.00
230.00 317.00
230.00 317.00
230.00 317.00
230.00 317.00
230.00 317.00
230.00 317.00
230.00 317.00
230.00 317.00
230.00 317.00
230.00 317.00
230.00 317.00
230.00 317.00
230.00 317.00
230.00 317.00
230.00 317.00
230.00 317.00
230.00 317.00
230.00 317.00
230.00 317.00
230.00 317.00
230.00 317.00
230.00 317.00
230.00 317.00
230.00 317.00
230.00 317.00
230.00 316.00
230.00 316.00
230.00 316.00
230.00 316.00
230.00 316.00
230.00 316.00
230.00 316.00
230.00 316.00
230.00 316.00
230.00 316.00
231.00 316.00
231.00 316.00
231.00 315.00
231.00 315.00
231.00 315.00
231.00 315.00
231.00 315.00
231.00 315.00
231.00 315.00
231.00 315.00
231.00 315.00
231.00 315.00
231.00 314.00
231.00 314.00
231.00 314.00
231.00 314.00
231.00 314.00
231.00 314.00
231.00 314.00
231.00 314.00
231.00 313.00
232.00 313.00
232.00 313.00
232.00 313.00
232.00 313.00
232.00 313.00
232.00 313.00
232.00 313.00
232.00 312.00
232.00 312.00
232.00 312.00
232.00 312.00
232.00 312.00
232.00 312.00
232.00 311.00
232.00 311.00
233.00 311.00
233.00 311.00
233.00 311.00
233.00 311.00
233.00 310.00
233.00 310.00
233.00 310.00
233.00 310.00
233.00 310.00
233.00 310.00
233.00 309.00
233.00 309.00
233.00 309.00
233.00 309.00
234.00 309.00
234.00 308.00
234.00 308.00
234.00 308.00
234.00 308.00
234.00 308.00
234.00 307.00
234.00 307.00
234.00 307.00
234.00 307.00
234.00 307.00
235.00 306.00
235.00 306.00
235.00 306.00
235.00 306.00
235.00 306.00
235.00 305.00
235.00 305.00
235.00 305.00
235.00 305.00
235.00 304.00
235.00 304.00
236.00 304.00
236.00 304.00
236.00 303.00
236.00 303.00
236.00 303.00
236.00 303.00
236.00 304.00
236.00 304.00
235.00 304.00
235.00 305.00
235.00 305.00
235.00 305.00
235.00 305.00
235.00 306.00
235.00 306.00
235.00 306.00
234.00 307.00
234.00 307.00
234.00 307.00
234.00 308.00
234.00 308.00
234.00 308.00
234.00 308.00
233.00 309.00
233.00 309.00
233.00 309.00
233.00 310.00
233.00 310.00
233.00 310.00
233.00 310.00
233.00 311.00
233.00 311.00
232.00 311.00
232.00 311.00
232.00 312.00
232.00 312.00
232.00 312.00
232.00 312.00
232.00 313.00
232.00 313.00
231.00 313.00
231.00 313.00
231.00 314.00
231.00 314.00
231.00 314.00
231.00 314.00
231.00 315.00
231.00 315.00
231.00 315.00
231.00 315.00
230.00 315.00
230.00 316.00
230.00 316.00
230.00 316.00
230.00 316.00
230.00 317.00
230.00 317.00
230.00 317.00
230.00 317.00
230.00 317.00
229.00 318.00
229.00 318.00
229.00 318.00
229.00 318.00
229.00 318.00
229.00 318.00
229.00 319.00
229.00 319.00
229.00 319.00
229.00 319.00
229.00 319.00
229.00 320.00
228.00 320.00
228.00 320.00
228.00 320.00
228.00 320.00
228.00 320.00
228.00 321.00
228.00 321.00
228.00 321.00
228.00 321.00
228.00 321.00
228.00 321.00
228.00 321.00
228.00 322.00
228.00 322.00
227.00 322.00
227.00 322.00
227.00 322.00
227.00 322.00
227.00 322.00
227.00 322.00
227.00 323.00
227.00 323.00
227.00 323.00
227.00 323.00
227.00 323.00
227.00 323.00
227.00 323.00
227.00 323.00
227.00 324.00
227.00 324.00
227.00 324.00
227.00 324.00
226.00 324.00
226.00 324.00
226.00 324.00
226.00 324.00
226.00 324.00
226.00 324.00
226.00 324.00
226.00 325.00
226.00 325.00
226.00 325.00
226.00 325.00
226.00 325.00
226.00 325.00
226.00 325.00
226.00 325.00
226.00 325.00
226.00 325.00
226.00 325.00
226.00 325.00
226.00 325.00
226.00 325.00
226.00 325.00
226.00 325.00
226.00 325.00
226.00 325.00
226.00 326.00
226.00 326.00
226.00 326.00
226.00 326.00
226.00 326.00
226.00 326.00
226.00 326.00
226.00 326.00
226.00 326.00
226.00 326.00
226.00 326.00
226.00 326.00
226.00 326.00
226.00 326.00
226.00 326.00
226.00 326.00
226.00 326.00
226.00 326.00
226.00 326.00
226.00 326.00
226.00 326.00
226.00 326.00
226.00 326.00
226.00 326.00
226.00 326.00
226.00 326.00
226.00 326.00
226.00 326.00
226.00 326.00
226.00 326.00
226.00 326.00
226.00 326.00
226.00 325.00
226.00 325.00
226.00 325.00
226.00 325.00
226.00 325.00
226.00 325.00
226.00 325.00
226.00 325.00
226.00 325.00
226.00 325.00
226.00 325.00
226.00 325.00
226.00 325.00
226.00 325.00
226.00 325.00
226.00 325.00
226.00 325.00
226.00 324.00
226.00 324.00
226.00 324.00
226.00 324.00
226.00 324.00
226.00 324.00
226.00 324.00
226.00 324.00
226.00 324.00
227.00 324.00
227.00 324.00
227.00 323.00
227.00 323.00
227.00 323.00
227.00 323.00
227.00 323.00
227.00 323.00
227.00 323.00
227.00 323.00
227.00 323.00
227.00 322.00
227.00 322.00
227.00 322.00
227.00 322.00
227.00 322.00
227.00 322.00
227.00 322.00
228.00 322.00
228.00 321.00
228.00 321.00
228.00 321.00
228.00 321.00
228.00 321.00
228.00 321.00
228.00 320.00
228.00 320.00
228.00 320.00
228.00 320.00
228.00 320.00
228.00 320.00
228.00 319.00
229.00 319.00
229.00 319.00
229.00 319.00
229.00 319.00
229.00 319.00
229.00 318.00
229.00 318.00
229.00 318.00
229.00 318.00
229.00 318.00
229.00 317.00
229.00 317.00
230.00 317.00
230.00 317.00
230.00 317.00
230.00 316.00
230.00 316.00
230.00 316.00
230.00 317.00
230.00 317.00
229.00 318.00
229.00 318.00
229.00 319.00
229.00 319.00
228.00 320.00
228.00 320.00
228.00 320.00
228.00 321.00
227.00 321.00
227.00 322.00
227.00 322.00
227.00 323.00
227.00 323.00
226.00 324.00
226.00 324.00
226.00 325.00
226.00 325.00
225.00 326.00
225.00 326.00
225.00 326.00
225.00 327.00
225.00 327.00
224.00 328.00
224.00 328.00
224.00 329.00
224.00 329.00
224.00 329.00
223.00 330.00
223.00 330.00
223.00 331.00
223.00 331.00
223.00 331.00
222.00 332.00
222.00 332.00
222.00 333.00
222.00 333.00
222.00 333.00
221.00 334.00
221.00 334.00
221.00 335.00
221.00 335.00
221.00 335.00
221.00 336.00
220.00 336.00
220.00 336.00
220.00 337.00
220.00 337.00
220.00 337.00
219.00 338.00
219.00 338.00
219.00 338.00
219.00 339.00
219.00 339.00
219.00 339.00
218.00 340.00
218.00 340.00
218.00 340.00
218.00 341.00
218.00 341.00
218.00 341.00
218.00 342.00
217.00 342.00
217.00 342.00
217.00 342.00
217.00 343.00
217.00 343.00
217.00 343.00
216.00 344.00
216.00 344.00
216.00 344.00
216.00 344.00
216.00 345.00
216.00 345.00
216.00 345.00
215.00 345.00
215.00 346.00
215.00 346.00
215.00 346.00
215.00 346.00
215.00 347.00
215.00 347.00
215.00 347.00
214.00 347.00
214.00 348.00
214.00 348.00
214.00 348.00
214.00 348.00
214.00 348.00
214.00 349.00
214.00 349.00
214.00 349.00
213.00 349.00
213.00 349.00
213.00 350.00
213.00 350.00
213.00 350.00
213.00 350.00
213.00 350.00
213.00 351.00
213.00 351.00
212.00 351.00
212.00 351.00
212.00 351.00
212.00 351.00
212.00 352.00
212.00 352.00
212.00 352.00
212.00 352.00
212.00 352.00
212.00 352.00
212.00 352.00
212.00 353.00
211.00 353.00
211.00 353.00
211.00 353.00
211.00 353.00
211.00 353.00
211.00 353.00
211.00 354.00
211.00 354.00
211.00 354.00
211.00 354.00
211.00 354.00
211.00 354.00
211.00 354.00
211.00 354.00
211.00 354.00
210.00 354.00
210.00 355.00
210.00 355.00
210.00 355.00
210.00 355.00
210.00 355.00
210.00 355.00
210.00 355.00
210.00 355.00
210.00 355.00
210.00 355.00
210.00 355.00
210.00 355.00
210.00 355.00
210.00 355.00
210.00 355.00
210.00 356.00
210.00 356.00
210.00 356.00
210.00 356.00
210.00 356.00
210.00 356.00
210.00 356.00
210.00 356.00
210.00 356.00
210.00 356.00
210.00 356.00
210.00 356.00
210.00 356.00
210.00 356.00
210.00 356.00
210.00 356.00
210.00 356.00
210.00 356.00
210.00 356.00
