216.00 288.00
216.00 288.00
216.00 288.00
216.00 288.00
216.00 288.00
216.00 288.00
216.00 288.00
212.00 292.00
207.00 295.00
203.00 299.00
199.00 303.00
195.00 306.00
191.00 310.00
187.00 313.00
183.00 317.00
179.00 320.00
176.00 323.00
172.00 326.00
169.00 330.00
165.00 333.00
162.00 336.00
159.00 339.00
156.00 342.00
153.00 344.00
150.00 347.00
147.00 350.00
144.00 353.00
141.00 355.00
138.00 358.00
136.00 360.00
133.00 363.00
131.00 365.00
131.00 365.00
131.00 365.00
131.00 365.00
131.00 365.00
132.00 364.00
132.00 364.00
132.00 364.00
132.00 364.00
132.00 364.00
132.00 364.00
132.00 364.00
133.00 363.00
133.00 363.00
133.00 363.00
133.00 363.00
133.00 363.00
133.00 363.00
133.00 363.00
134.00 362.00
134.00 362.00
134.00 362.00
134.00 362.00
134.00 362.00
134.00 361.00
135.00 361.00
135.00 361.00
135.00 361.00
135.00 361.00
135.00 360.00
136.00 360.00
136.00 360.00
136.00 360.00
136.00 360.00
137.00 359.00
137.00 359.00
137.00 359.00
137.00 359.00
137.00 359.00
138.00 358.00
138.00 358.00
138.00 358.00
138.00 358.00
139.00 357.00
139.00 357.00
139.00 357.00
139.00 357.00
140.00 356.00
140.00 356.00
140.00 356.00
140.00 355.00
141.00 355.00
141.00 355.00
141.00 355.00
142.00 354.00
142.00 354.00
142.00 354.00
143.00 353.00
143.00 353.00
143.00 353.00
143.00 353.00
144.00 352.00
144.00 352.00
144.00 352.00
145.00 351.00
145.00 351.00
145.00 351.00
146.00 350.00
146.00 350.00
147.00 350.00
147.00 349.00
147.00 349.00
148.00 349.00
148.00 348.00
148.00 348.00
149.00 347.00
149.00 347.00
150.00 347.00
150.00 346.00
150.00 346.00
151.00 346.00
151.00 345.00
152.00 345.00
152.00 344.00
152.00 344.00
153.00 344.00
153.00 343.00
154.00 343.00
154.00 342.00
155.00 342.00
155.00 342.00
155.00 341.00
156.00 341.00
156.00 340.00
157.00 340.00
157.00 339.00
158.00 339.00
158.00 338.00
159.00 338.00
159.00 338.00
160.00 337.00
160.00 337.00
161.00 336.00
161.00 336.00
162.00 335.00
162.00 335.00
163.00 334.00
163.00 334.00
164.00 333.00
164.00 333.00
165.00 332.00
165.00 332.00
166.00 331.00
167.00 331.00
167.00 330.00
168.00 330.00
168.00 329.00
169.00 329.00
169.00 328.00
170.00 328.00
171.00 327.00
171.00 326.00
172.00 326.00
172.00 325.00
173.00 325.00
174.00 324.00
174.00 324.00
175.00 323.00
176.00 322.00
176.00 322.00
177.00 321.00
177.00 321.00
178.00 320.00
179.00 320.00
179.00 319.00
180.00 318.00
181.00 318.00
182.00 317.00
182.00 317.00
183.00 316.00
184.00 315.00
184.00 315.00
185.00 314.00
185.00 314.00
185.00 314.00
184.00 315.00
184.00 315.00
184.00 315.00
184.00 315.00
184.00 315.00
183.00 315.00
183.00 316.00
183.00 316.00
183.00 316.00
183.00 316.00
182.00 316.00
182.00 316.00
182.00 317.00
182.00 317.00
182.00 317.00
182.00 317.00
181.00 317.00
181.00 317.00
181.00 318.00
181.00 318.00
181.00 318.00
181.00 318.00
180.00 318.00
180.00 318.00
180.00 318.00
180.00 318.00
180.00 319.00
180.00 319.00
180.00 319.00
180.00 319.00
179.00 319.00
179.00 319.00
179.00 319.00
179.00 319.00
179.00 320.00
179.00 320.00
179.00 320.00
179.00 320.00
178.00 320.00
178.00 320.00
178.00 320.00
178.00 320.00
178.00 320.00
178.00 320.00
178.00 321.00
178.00 321.00
178.00 321.00
178.00 321.00
178.00 321.00
177.00 321.00
177.00 321.00
177.00 321.00
177.00 321.00
177.00 321.00
177.00 321.00
177.00 321.00
177.00 321.00
177.00 321.00
177.00 322.00
177.00 322.00
177.00 322.00
177.00 322.00
177.00 322.00
177.00 322.00
177.00 322.00
177.00 322.00
176.00 322.00
176.00 322.00
176.00 322.00
176.00 322.00
176.00 322.00
176.00 322.00
176.00 322.00
176.00 322.00
176.00 322.00
176.00 322.00
176.00 322.00
176.00 322.00
176.00 322.00
176.00 322.00
176.00 322.00
176.00 322.00
176.00 322.00
176.00 322.00
176.00 322.00
176.00 322.00
176.00 322.00
176.00 322.00
176.00 322.00
176.00 322.00
176.00 322.00
176.00 322.00
176.00 322.00
176.00 322.00
176.00 322.00
177.00 322.00
177.00 322.00
177.00 322.00
177.00 322.00
177.00 322.00
177.00 322.00
177.00 322.00
177.00 322.00
177.00 322.00
177.00 322.00
177.00 322.00
177.00 322.00
177.00 322.00
177.00 321.00
177.00 321.00
177.00 321.00
177.00 321.00
178.00 321.00
178.00 321.00
178.00 321.00
178.00 321.00
178.00 321.00
178.00 321.00
178.00 321.00
178.00 321.00
178.00 321.00
178.00 321.00
178.00 320.00
179.00 320.00
179.00 320.00
179.00 320.00
179.00 320.00
179.00 320.00
179.00 320.00
179.00 320.00
179.00 320.00
180.00 320.00
180.00 319.00
180.00 319.00
180.00 319.00
180.00 319.00
180.00 319.00
180.00 319.00
180.00 319.00
181.00 319.00
181.00 319.00
181.00 318.00
181.00 318.00
181.00 318.00
181.00 318.00
182.00 318.00
182.00 318.00
182.00 318.00
182.00 317.00
182.00 317.00
182.00 317.00
183.00 317.00
183.00 317.00
183.00 317.00
183.00 317.00
183.00 316.00
184.00 316.00
184.00 316.00
184.00 316.00
184.00 316.00
184.00 316.00
185.00 315.00
185.00 315.00
185.00 315.00
184.00 316.00
184.00 316.00
183.00 317.00
182.00 317.00
182.00 318.00
181.00 318.00
181.00 319.00
180.00 319.00
179.00 320.00
179.00 321.00
178.00 321.00
178.00 322.00
177.00 322.00
176.00 323.00
176.00 323.00
175.00 324.00
175.00 324.00
174.00 325.00
174.00 325.00
173.00 326.00
172.00 326.00
172.00 327.00
171.00 327.00
171.00 328.00
170.00 328.00
170.00 329.00
169.00 329.00
169.00 330.00
168.00 330.00
168.00 330.00
167.00 331.00
167.00 331.00
166.00 332.00
166.00 332.00
165.00 333.00
165.00 333.00
164.00 334.00
164.00 334.00
163.00 334.00
163.00 335.00
162.00 335.00
162.00 336.00
161.00 336.00
161.00 337.00
161.00 337.00
160.00 337.00
160.00 338.00
159.00 338.00
159.00 339.00
158.00 339.00
158.00 339.00
158.00 340.00
157.00 340.00
157.00 340.00
156.00 341.00
156.00 341.00
156.00 342.00
155.00 342.00
155.00 342.00
154.00 343.00
154.00 343.00
154.00 343.00
153.00 344.00
153.00 344.00
153.00 344.00
152.00 345.00
152.00 345.00
151.00 345.00
151.00 346.00
151.00 346.00
150.00 346.00
150.00 347.00
150.00 347.00
149.00 347.00
149.00 347.00
149.00 348.00
149.00 348.00
148.00 348.00
148.00 349.00
148.00 349.00
147.00 349.00
147.00 349.00
147.00 350.00
146.00 350.00
146.00 350.00
146.00 351.00
146.00 351.00
145.00 351.00
145.00 351.00
145.00 352.00
145.00 352.00
144.00 352.00
144.00 352.00
144.00 352.00
144.00 353.00
143.00 353.00
143.00 353.00
143.00 353.00
143.00 354.00
142.00 354.00
142.00 354.00
142.00 354.00
142.00 354.00
142.00 355.00
141.00 355.00
141.00 355.00
141.00 355.00
141.00 355.00
141.00 356.00
140.00 356.00
140.00 356.00
140.00 356.00
140.00 356.00
140.00 356.00
139.00 357.00
139.00 357.00
139.00 357.00
139.00 357.00
139.00 357.00
139.00 357.00
138.00 358.00
138.00 358.00
138.00 358.00
138.00 358.00
138.00 358.00
138.00 358.00
138.00 358.00
138.00 359.00
137.00 359.00
137.00 359.00
137.00 359.00
137.00 359.00
137.00 359.00
137.00 359.00
137.00 359.00
137.00 359.00
136.00 360.00
136.00 360.00
136.00 360.00
136.00 360.00
136.00 360.00
136.00 360.00
139.00 357.00
142.00 354.00
146.00 351.00
149.00 348.00
152.00 344.00
156.00 341.00
160.00 338.00
164.00 334.00
168.00 330.00
172.00 327.00
176.00 323.00
180.00 319.00
185.00 315.00
189.00 311.00
194.00 307.00
199.00 303.00
204.00 298.00
209.00 294.00
209.00 294.00
209.00 294.00
209.00 294.00
209.00 294.00
209.00 294.00
209.00 294.00
209.00 294.00
209.00 294.00
209.00 294.00
209.00 294.00
209.00 294.00
209.00 294.00
209.00 294.00
209.00 294.00
209.00 294.00
209.00 294.00
209.00 294.00
209.00 294.00
209.00 294.00
209.00 294.00
209.00 294.00
209.00 294.00
209.00 294.00
209.00 294.00
209.00 294.00
209.00 294.00
209.00 294.00
209.00 294.00
209.00 294.00
209.00 294.00
209.00 294.00
209.00 294.00
209.00 294.00
209.00 294.00
209.00 294.00
209.00 294.00
209.00 294.00
207.00 295.00
206.00 297.00
204.00 298.00
203.00 299.00
202.00 300.00
200.00 302.00
199.00 303.00
197.00 304.00
196.00 305.00
194.00 307.00
193.00 308.00
191.00 309.00
190.00 310.00
189.00 312.00
187.00 313.00
186.00 314.00
186.00 314.00
186.00 314.00
186.00 314.00
186.00 314.00
187.00 314.00
187.00 313.00
187.00 313.00
187.00 313.00
187.00 313.00
187.00 313.00
187.00 313.00
187.00 313.00
188.00 313.00
188.00 312.00
188.00 312.00
188.00 312.00
188.00 312.00
188.00 312.00
188.00 312.00
189.00 312.00
189.00 312.00
189.00 311.00
189.00 311.00
189.00 311.00
189.00 311.00
190.00 311.00
190.00 311.00
190.00 311.00
190.00 310.00
190.00 310.00
190.00 310.00
191.00 310.00
191.00 310.00
191.00 310.00
191.00 309.00
191.00 309.00
192.00 309.00
192.00 309.00
192.00 309.00
192.00 309.00
192.00 308.00
193.00 308.00
193.00 308.00
193.00 308.00
193.00 308.00
193.00 307.00
194.00 307.00
194.00 307.00
194.00 307.00
194.00 307.00
194.00 307.00
195.00 306.00
195.00 306.00
195.00 306.00
195.00 306.00
196.00 306.00
196.00 305.00
196.00 305.00
196.00 305.00
197.00 305.00
197.00 304.00
197.00 304.00
197.00 304.00
198.00 304.00
198.00 304.00
198.00 303.00
198.00 303.00
199.00 303.00
199.00 303.00
199.00 302.00
199.00 302.00
200.00 302.00
200.00 302.00
200.00 301.00
201.00 301.00
201.00 301.00
201.00 301.00
201.00 300.00
202.00 300.00
202.00 300.00
202.00 300.00
203.00 299.00
203.00 299.00
203.00 299.00
204.00 299.00
204.00 298.00
204.00 298.00
204.00 298.00
205.00 298.00
205.00 297.00
205.00 297.00
206.00 297.00
206.00 297.00
206.00 296.00
207.00 296.00
207.00 296.00
207.00 295.00
208.00 295.00
208.00 295.00
208.00 295.00
209.00 294.00
209.00 294.00
209.00 294.00
209.00 294.00
208.00 295.00
208.00 295.00
208.00 295.00
208.00 295.00
208.00 295.00
207.00 295.00
207.00 296.00
207.00 296.00
207.00 296.00
206.00 296.00
206.00 296.00
206.00 296.00
206.00 297.00
206.00 297.00
206.00 297.00
205.00 297.00
205.00 297.00
205.00 297.00
205.00 298.00
205.00 298.00
204.00 298.00
204.00 298.00
204.00 298.00
204.00 298.00
204.00 299.00
204.00 299.00
203.00 299.00
203.00 299.00
203.00 299.00
203.00 299.00
203.00 299.00
203.00 300.00
202.00 300.00
202.00 300.00
202.00 300.00
202.00 300.00
202.00 300.00
202.00 300.00
202.00 300.00
201.00 301.00
201.00 301.00
201.00 301.00
201.00 301.00
201.00 301.00
201.00 301.00
201.00 301.00
200.00 301.00
200.00 301.00
200.00 302.00
200.00 302.00
200.00 302.00
200.00 302.00
200.00 302.00
200.00 302.00
200.00 302.00
199.00 302.00
199.00 302.00
199.00 302.00
199.00 303.00
199.00 303.00
199.00 303.00
199.00 303.00
199.00 303.00
199.00 303.00
199.00 303.00
198.00 303.00
198.00 303.00
198.00 303.00
198.00 303.00
198.00 303.00
198.00 303.00
198.00 304.00
198.00 304.00
198.00 304.00
198.00 304.00
198.00 304.00
198.00 304.00
198.00 304.00
197.00 304.00
197.00 304.00
197.00 304.00
197.00 304.00
197.00 304.00
197.00 304.00
197.00 304.00
197.00 304.00
197.00 304.00
197.00 304.00
197.00 304.00
197.00 304.00
197.00 305.00
197.00 305.00
197.00 305.00
197.00 305.00
197.00 305.00
197.00 305.00
197.00 305.00
197.00 305.00
197.00 305.00
197.00 305.00
197.00 305.00
197.00 305.00
197.00 305.00
197.00 305.00
197.00 305.00
197.00 305.00
197.00 305.00
197.00 305.00
197.00 305.00
197.00 305.00
197.00 305.00
197.00 305.00
197.00 305.00
197.00 305.00
197.00 305.00
197.00 305.00
197.00 305.00
197.00 305.00
197.00 305.00
197.00 305.00
197.00 305.00
197.00 305.00
197.00 305.00
197.00 305.00
197.00 305.00
197.00 305.00
197.00 305.00
197.00 305.00
197.00 305.00
197.00 305.00
197.00 304.00
197.00 304.00
197.00 304.00
197.00 304.00
197.00 304.00
197.00 304.00
197.00 304.00
197.00 304.00
197.00 304.00
197.00 304.00
198.00 304.00
198.00 304.00
198.00 304.00
198.00 304.00
198.00 304.00
198.00 304.00
198.00 304.00
198.00 304.00
198.00 304.00
198.00 304.00
198.00 303.00
198.00 303.00
198.00 303.00
199.00 303.00
199.00 303.00
199.00 303.00
199.00 303.00
199.00 303.00
199.00 303.00
199.00 303.00
199.00 303.00
199.00 303.00
199.00 302.00
200.00 302.00
200.00 302.00
200.00 302.00
200.00 302.00
200.00 302.00
199.00 303.00
198.00 303.00
198.00 304.00
197.00 305.00
196.00 305.00
195.00 306.00
194.00 307.00
194.00 307.00
193.00 308.00
192.00 309.00
191.00 309.00
191.00 310.00
190.00 311.00
189.00 311.00
188.00 312.00
188.00 313.00
187.00 313.00
186.00 314.00
185.00 315.00
185.00 315.00
184.00 316.00
183.00 317.00
183.00 317.00
182.00 318.00
181.00 318.00
180.00 319.00
180.00 320.00
179.00 320.00
178.00 321.00
178.00 321.00
177.00 322.00
176.00 323.00
176.00 323.00
175.00 324.00
175.00 324.00
174.00 325.00
173.00 325.00
173.00 326.00
172.00 326.00
171.00 327.00
171.00 328.00
170.00 328.00
170.00 329.00
169.00 329.00
168.00 330.00
168.00 330.00
167.00 331.00
167.00 331.00
166.00 332.00
166.00 332.00
165.00 333.00
165.00 333.00
164.00 334.00
163.00 334.00
163.00 335.00
162.00 335.00
162.00 336.00
161.00 336.00
161.00 337.00
160.00 337.00
160.00 338.00
159.00 338.00
159.00 339.00
158.00 339.00
158.00 339.00
157.00 340.00
157.00 340.00
156.00 341.00
156.00 341.00
155.00 342.00
155.00 342.00
155.00 342.00
156.00 341.00
156.00 341.00
157.00 340.00
157.00 340.00
158.00 339.00
159.00 339.00
159.00 338.00
160.00 338.00
160.00 337.00
161.00 337.00
161.00 336.00
162.00 336.00
162.00 335.00
163.00 335.00
163.00 334.00
164.00 334.00
165.00 333.00
165.00 333.00
166.00 332.00
166.00 331.00
167.00 331.00
168.00 330.00
168.00 330.00
169.00 329.00
169.00 329.00
170.00 328.00
171.00 327.00
171.00 327.00
172.00 326.00
173.00 326.00
173.00 325.00
174.00 325.00
175.00 324.00
175.00 323.00
176.00 323.00
177.00 322.00
177.00 321.00
178.00 321.00
179.00 320.00
179.00 320.00
180.00 319.00
181.00 318.00
182.00 318.00
182.00 317.00
183.00 316.00
184.00 316.00
184.00 315.00
185.00 314.00
186.00 314.00
187.00 313.00
187.00 312.00
188.00 312.00
189.00 311.00
189.00 311.00
189.00 311.00
189.00 311.00
188.00 312.00
188.00 312.00
188.00 312.00
188.00 312.00
188.00 312.00
188.00 312.00
187.00 312.00
187.00 313.00
187.00 313.00
187.00 313.00
187.00 313.00
187.00 313.00
187.00 313.00
187.00 313.00
186.00 313.00
186.00 314.00
186.00 314.00
186.00 314.00
186.00 314.00
186.00 314.00
186.00 314.00
186.00 314.00
186.00 314.00
185.00 314.00
185.00 315.00
185.00 315.00
185.00 315.00
185.00 315.00
185.00 315.00
185.00 315.00
185.00 315.00
185.00 315.00
185.00 315.00
185.00 315.00
185.00 315.00
184.00 316.00
184.00 316.00
184.00 316.00
184.00 316.00
184.00 316.00
184.00 316.00
184.00 316.00
184.00 316.00
187.00 314.00
189.00 312.00
192.00 309.00
194.00 307.00
197.00 305.00
200.00 302.00
203.00 300.00
205.00 298.00
208.00 295.00
211.00 293.00
214.00 290.00
217.00 288.00
217.00 288.00
217.00 288.00
217.00 288.00
217.00 288.00
217.00 288.00
217.00 288.00
217.00 288.00
217.00 288.00
217.00 288.00
216.00 288.00
216.00 288.00
216.00 288.00
216.00 288.00
216.00 288.00
216.00 288.00
216.00 288.00
