121.00 377.00
121.00 377.00
121.00 377.00
121.00 377.00
121.00 377.00
121.00 377.00
121.00 377.00
121.00 377.00
121.00 377.00
121.00 377.00
121.00 377.00
121.00 377.00
121.00 376.00
121.00 376.00
121.00 376.00
121.00 376.00
121.00 376.00
121.00 376.00
121.00 376.00
121.00 376.00
121.00 376.00
121.00 376.00
121.00 376.00
121.00 376.00
121.00 376.00
122.00 376.00
122.00 376.00
122.00 376.00
122.00 376.00
122.00 375.00
122.00 375.00
122.00 375.00
122.00 375.00
122.00 375.00
122.00 375.00
122.00 375.00
123.00 375.00
123.00 375.00
123.00 374.00
123.00 374.00
123.00 374.00
123.00 374.00
123.00 374.00
123.00 374.00
123.00 374.00
124.00 374.00
124.00 373.00
124.00 373.00
124.00 373.00
124.00 373.00
124.00 373.00
125.00 373.00
125.00 372.00
125.00 372.00
125.00 372.00
125.00 372.00
125.00 372.00
126.00 372.00
126.00 371.00
126.00 371.00
126.00 371.00
126.00 371.00
126.00 371.00
127.00 370.00
127.00 370.00
127.00 370.00
127.00 370.00
127.00 370.00
128.00 369.00
128.00 369.00
128.00 369.00
128.00 369.00
129.00 369.00
129.00 368.00
129.00 368.00
129.00 368.00
130.00 368.00
130.00 367.00
130.00 367.00
130.00 367.00
131.00 367.00
131.00 366.00
131.00 366.00
131.00 366.00
132.00 365.00
132.00 365.00
132.00 365.00
133.00 365.00
133.00 364.00
133.00 364.00
133.00 364.00
134.00 363.00
134.00 363.00
134.00 363.00
135.00 363.00
135.00 362.00
135.00 362.00
136.00 362.00
136.00 361.00
136.00 361.00
137.00 361.00
137.00 360.00
137.00 360.00
138.00 360.00
138.00 359.00
138.00 359.00
139.00 358.00
139.00 358.00
140.00 358.00
140.00 357.00
140.00 357.00
141.00 357.00
141.00 356.00
142.00 356.00
142.00 355.00
142.00 355.00
143.00 355.00
143.00 354.00
144.00 354.00
144.00 353.00
144.00 353.00
145.00 353.00
145.00 352.00
146.00 352.00
146.00 351.00
147.00 351.00
147.00 350.00
148.00 350.00
148.00 349.00
149.00 349.00
149.00 348.00
150.00 348.00
150.00 348.00
151.00 347.00
151.00 347.00
152.00 346.00
152.00 346.00
153.00 345.00
153.00 345.00
154.00 344.00
154.00 344.00
155.00 343.00
155.00 343.00
156.00 342.00
156.00 342.00
157.00 341.00
158.00 340.00
158.00 340.00
159.00 339.00
159.00 339.00
160.00 338.00
161.00 338.00
161.00 337.00
162.00 337.00
162.00 336.00
163.00 335.00
164.00 335.00
164.00 334.00
165.00 334.00
166.00 333.00
166.00 332.00
167.00 332.00
168.00 331.00
168.00 331.00
169.00 330.00
170.00 329.00
170.00 329.00
171.00 328.00
172.00 327.00
172.00 327.00
173.00 326.00
174.00 325.00
174.00 325.00
175.00 324.00
176.00 323.00
177.00 323.00
177.00 322.00
178.00 321.00
179.00 321.00
180.00 320.00
181.00 319.00
181.00 319.00
182.00 318.00
183.00 317.00
184.00 316.00
184.00 316.00
185.00 315.00
186.00 314.00
187.00 314.00
188.00 313.00
189.00 312.00
189.00 311.00
190.00 311.00
191.00 310.00
192.00 309.00
192.00 309.00
192.00 309.00
192.00 309.00
191.00 310.00
191.00 310.00
191.00 310.00
191.00 310.00
191.00 310.00
191.00 310.00
191.00 310.00
191.00 310.00
190.00 311.00
190.00 311.00
190.00 311.00
190.00 311.00
190.00 311.00
190.00 311.00
190.00 311.00
190.00 311.00
190.00 311.00
190.00 312.00
189.00 312.00
189.00 312.00
189.00 312.00
189.00 312.00
189.00 312.00
189.00 312.00
189.00 312.00
189.00 312.00
189.00 312.00
189.00 312.00
189.00 313.00
189.00 313.00
189.00 313.00
189.00 313.00
188.00 313.00
188.00 313.00
188.00 313.00
188.00 313.00
188.00 313.00
188.00 313.00
188.00 313.00
188.00 313.00
188.00 313.00
188.00 313.00
188.00 313.00
188.00 313.00
188.00 314.00
188.00 314.00
188.00 314.00
188.00 314.00
188.00 314.00
188.00 314.00
188.00 314.00
188.00 314.00
188.00 314.00
188.00 314.00
188.00 314.00
188.00 314.00
188.00 314.00
188.00 314.00
188.00 314.00
188.00 314.00
188.00 314.00
188.00 314.00
188.00 314.00
188.00 314.00
188.00 314.00
188.00 314.00
188.00 314.00
188.00 314.00
188.00 314.00
188.00 314.00
188.00 314.00
188.00 314.00
188.00 314.00
184.00 318.00
179.00 322.00
175.00 325.00
171.00 329.00
167.00 332.00
163.00 336.00
160.00 339.00
156.00 343.00
153.00 346.00
149.00 349.00
146.00 352.00
146.00 352.00
146.00 352.00
146.00 352.00
146.00 352.00
146.00 352.00
147.00 352.00
147.00 351.00
147.00 351.00
147.00 351.00
147.00 351.00
147.00 351.00
147.00 351.00
147.00 351.00
147.00 351.00
147.00 351.00
148.00 351.00
148.00 350.00
148.00 350.00
148.00 350.00
148.00 350.00
148.00 350.00
148.00 350.00
149.00 350.00
149.00 349.00
149.00 349.00
149.00 349.00
149.00 349.00
149.00 349.00
149.00 349.00
150.00 349.00
150.00 348.00
150.00 348.00
150.00 348.00
150.00 348.00
151.00 348.00
151.00 348.00
151.00 347.00
151.00 347.00
151.00 347.00
151.00 347.00
152.00 347.00
152.00 346.00
152.00 346.00
152.00 346.00
153.00 346.00
153.00 346.00
153.00 345.00
153.00 345.00
153.00 345.00
154.00 345.00
154.00 345.00
154.00 344.00
154.00 344.00
155.00 344.00
155.00 344.00
155.00 343.00
155.00 343.00
156.00 343.00
156.00 343.00
156.00 343.00
156.00 342.00
157.00 342.00
157.00 342.00
157.00 341.00
158.00 341.00
158.00 341.00
158.00 341.00
158.00 340.00
159.00 340.00
159.00 340.00
159.00 340.00
160.00 339.00
160.00 339.00
160.00 339.00
161.00 338.00
161.00 338.00
161.00 338.00
162.00 337.00
162.00 337.00
162.00 337.00
163.00 337.00
163.00 336.00
163.00 336.00
164.00 336.00
164.00 335.00
164.00 335.00
165.00 335.00
165.00 334.00
165.00 334.00
166.00 334.00
166.00 333.00
167.00 333.00
167.00 333.00
167.00 332.00
168.00 332.00
168.00 331.00
169.00 331.00
169.00 331.00
169.00 330.00
170.00 330.00
170.00 330.00
171.00 329.00
171.00 329.00
172.00 328.00
172.00 328.00
172.00 328.00
173.00 327.00
173.00 327.00
174.00 326.00
174.00 326.00
175.00 326.00
175.00 325.00
176.00 325.00
176.00 324.00
177.00 324.00
177.00 323.00
177.00 323.00
178.00 323.00
178.00 322.00
179.00 322.00
179.00 321.00
180.00 321.00
180.00 320.00
181.00 320.00
181.00 319.00
182.00 319.00
182.00 319.00
181.00 320.00
181.00 320.00
181.00 320.00
181.00 320.00
180.00 321.00
180.00 321.00
180.00 321.00
179.00 321.00
179.00 322.00
179.00 322.00
179.00 322.00
178.00 322.00
178.00 323.00
178.00 323.00
178.00 323.00
177.00 323.00
177.00 323.00
177.00 324.00
177.00 324.00
176.00 324.00
176.00 324.00
176.00 324.00
176.00 325.00
175.00 325.00
175.00 325.00
175.00 325.00
175.00 326.00
175.00 326.00
174.00 326.00
174.00 326.00
174.00 326.00
174.00 326.00
174.00 327.00
173.00 327.00
173.00 327.00
173.00 327.00
173.00 327.00
173.00 328.00
172.00 328.00
172.00 328.00
172.00 328.00
172.00 328.00
172.00 328.00
172.00 328.00
171.00 329.00
171.00 329.00
171.00 329.00
171.00 329.00
171.00 329.00
171.00 329.00
170.00 330.00
170.00 330.00
170.00 330.00
170.00 330.00
170.00 330.00
170.00 330.00
170.00 330.00
169.00 330.00
169.00 331.00
169.00 331.00
169.00 331.00
169.00 331.00
169.00 331.00
169.00 331.00
169.00 331.00
168.00 331.00
168.00 331.00
168.00 331.00
168.00 332.00
168.00 332.00
168.00 332.00
168.00 332.00
168.00 332.00
168.00 332.00
168.00 332.00
168.00 332.00
167.00 332.00
167.00 332.00
167.00 332.00
167.00 332.00
167.00 332.00
167.00 333.00
167.00 333.00
167.00 333.00
167.00 333.00
167.00 333.00
167.00 333.00
167.00 333.00
167.00 333.00
167.00 333.00
167.00 333.00
167.00 333.00
167.00 333.00
167.00 333.00
167.00 333.00
167.00 333.00
166.00 333.00
166.00 333.00
166.00 333.00
166.00 333.00
166.00 333.00
166.00 333.00
166.00 333.00
166.00 333.00
166.00 333.00
166.00 333.00
166.00 333.00
166.00 333.00
166.00 333.00
166.00 333.00
166.00 333.00
166.00 333.00
166.00 333.00
167.00 333.00
167.00 333.00
167.00 333.00
167.00 333.00
167.00 333.00
167.00 333.00
167.00 333.00
167.00 333.00
167.00 333.00
167.00 333.00
167.00 333.00
167.00 333.00
167.00 333.00
167.00 333.00
167.00 333.00
167.00 332.00
167.00 332.00
167.00 332.00
167.00 332.00
167.00 332.00
168.00 332.00
168.00 332.00
168.00 332.00
168.00 332.00
168.00 332.00
168.00 332.00
168.00 332.00
168.00 332.00
168.00 331.00
168.00 331.00
168.00 331.00
169.00 331.00
169.00 331.00
169.00 331.00
169.00 331.00
169.00 331.00
169.00 331.00
169.00 331.00
169.00 330.00
170.00 330.00
170.00 330.00
170.00 330.00
170.00 330.00
170.00 330.00
170.00 330.00
170.00 330.00
171.00 329.00
171.00 329.00
171.00 329.00
171.00 329.00
170.00 330.00
169.00 331.00
168.00 332.00
167.00 333.00
165.00 334.00
164.00 335.00
163.00 336.00
162.00 337.00
161.00 338.00
160.00 339.00
159.00 340.00
158.00 341.00
157.00 342.00
156.00 343.00
155.00 344.00
154.00 345.00
153.00 345.00
152.00 346.00
151.00 347.00
150.00 348.00
150.00 349.00
149.00 350.00
148.00 351.00
147.00 351.00
146.00 352.00
145.00 353.00
144.00 354.00
143.00 355.00
143.00 356.00
142.00 356.00
141.00 357.00
140.00 358.00
139.00 359.00
139.00 359.00
138.00 360.00
137.00 361.00
136.00 362.00
136.00 362.00
135.00 363.00
134.00 364.00
133.00 364.00
133.00 365.00
132.00 366.00
131.00 366.00
131.00 367.00
130.00 368.00
129.00 368.00
129.00 369.00
128.00 370.00
127.00 370.00
127.00 371.00
126.00 372.00
126.00 372.00
125.00 373.00
124.00 373.00
124.00 374.00
123.00 375.00
123.00 375.00
122.00 376.00
121.00 376.00
121.00 377.00
120.00 377.00
120.00 378.00
119.00 378.00
119.00 379.00
118.00 379.00
118.00 380.00
117.00 381.00
117.00 381.00
116.00 382.00
116.00 382.00
115.00 382.00
115.00 383.00
114.00 383.00
114.00 384.00
113.00 384.00
113.00 385.00
112.00 385.00
112.00 386.00
112.00 386.00
111.00 387.00
111.00 387.00
110.00 387.00
110.00 388.00
110.00 388.00
109.00 389.00
109.00 389.00
108.00 390.00
108.00 390.00
108.00 390.00
107.00 391.00
107.00 391.00
106.00 391.00
106.00 392.00
106.00 392.00
105.00 393.00
105.00 393.00
105.00 393.00
104.00 394.00
104.00 394.00
104.00 394.00
103.00 395.00
103.00 395.00
103.00 395.00
103.00 396.00
102.00 396.00
102.00 396.00
102.00 396.00
101.00 397.00
101.00 397.00
101.00 397.00
101.00 398.00
100.00 398.00
100.00 398.00
100.00 398.00
99.00 399.00
99.00 399.00
99.00 399.00
99.00 400.00
98.00 400.00
98.00 400.00
98.00 400.00
98.00 401.00
98.00 401.00
97.00 401.00
97.00 401.00
97.00 401.00
97.00 402.00
96.00 402.00
96.00 402.00
96.00 402.00
96.00 403.00
96.00 403.00
95.00 403.00
95.00 403.00
95.00 403.00
95.00 403.00
95.00 404.00
95.00 404.00
94.00 404.00
94.00 404.00
94.00 404.00
94.00 405.00
94.00 405.00
94.00 405.00
93.00 405.00
93.00 405.00
93.00 405.00
93.00 406.00
93.00 406.00
93.00 406.00
93.00 406.00
92.00 406.00
92.00 406.00
92.00 406.00
92.00 406.00
92.00 407.00
92.00 407.00
92.00 407.00
92.00 407.00
92.00 407.00
91.00 407.00
91.00 407.00
91.00 407.00
91.00 407.00
91.00 408.00
91.00 408.00
91.00 408.00
91.00 408.00
91.00 408.00
91.00 408.00
91.00 408.00
91.00 408.00
90.00 408.00
90.00 408.00
90.00 408.00
90.00 408.00
90.00 408.00
90.00 408.00
90.00 409.00
90.00 409.00
90.00 409.00
90.00 409.00
90.00 409.00
90.00 409.00
90.00 409.00
90.00 409.00
90.00 409.00
90.00 409.00
90.00 409.00
90.00 409.00
90.00 409.00
90.00 409.00
90.00 409.00
90.00 409.00
90.00 409.00
90.00 409.00
90.00 409.00
90.00 409.00
90.00 409.00
90.00 409.00
90.00 409.00
90.00 409.00
90.00 409.00
90.00 409.00
90.00 409.00
90.00 409.00
90.00 409.00
90.00 409.00
90.00 409.00
90.00 409.00
90.00 409.00
90.00 409.00
90.00 409.00
90.00 409.00
90.00 408.00
90.00 408.00
90.00 408.00
90.00 408.00
90.00 408.00
91.00 408.00
91.00 408.00
91.00 408.00
91.00 408.00
91.00 408.00
91.00 408.00
91.00 408.00
91.00 408.00
91.00 408.00
91.00 407.00
91.00 407.00
91.00 407.00
92.00 407.00
92.00 407.00
92.00 407.00
92.00 407.00
92.00 407.00
92.00 407.00
92.00 406.00
92.00 406.00
92.00 406.00
93.00 406.00
93.00 406.00
93.00 406.00
93.00 406.00
93.00 405.00
93.00 405.00
93.00 405.00
94.00 405.00
94.00 405.00
94.00 405.00
94.00 404.00
94.00 404.00
94.00 404.00
94.00 404.00
95.00 404.00
95.00 404.00
95.00 403.00
95.00 403.00
95.00 403.00
96.00 403.00
96.00 403.00
96.00 402.00
96.00 402.00
96.00 402.00
97.00 402.00
97.00 402.00
97.00 401.00
97.00 401.00
97.00 401.00
98.00 401.00
98.00 400.00
98.00 400.00
98.00 400.00
99.00 400.00
99.00 399.00
99.00 399.00
99.00 399.00
100.00 399.00
100.00 398.00
100.00 398.00
100.00 398.00
101.00 398.00
101.00 397.00
101.00 397.00
101.00 397.00
102.00 396.00
102.00 396.00
102.00 396.00
103.00 395.00
103.00 395.00
103.00 395.00
104.00 394.00
104.00 394.00
104.00 394.00
105.00 393.00
105.00 393.00
105.00 393.00
106.00 392.00
106.00 392.00
106.00 392.00
107.00 391.00
107.00 391.00
107.00 391.00
108.00 390.00
108.00 390.00
109.00 389.00
109.00 389.00
109.00 389.00
110.00 388.00
110.00 388.00
111.00 387.00
111.00 387.00
111.00 386.00
112.00 386.00
112.00 386.00
113.00 385.00
113.00 385.00
114.00 384.00
114.00 384.00
115.00 383.00
115.00 383.00
115.00 382.00
116.00 382.00
116.00 381.00
117.00 381.00
117.00 380.00
118.00 380.00
118.00 379.00
119.00 379.00
120.00 378.00
120.00 378.00
121.00 377.00
121.00 377.00
122.00 376.00
122.00 375.00
123.00 375.00
123.00 374.00
124.00 374.00
125.00 373.00
125.00 373.00
126.00 372.00
126.00 371.00
127.00 371.00
128.00 370.00
128.00 369.00
129.00 369.00
130.00 368.00
130.00 368.00
131.00 367.00
132.00 366.00
132.00 366.00
133.00 365.00
134.00 364.00
135.00 363.00
135.00 363.00
136.00 362.00
136.00 362.00
135.00 363.00
135.00 363.00
135.00 363.00
134.00 364.00
134.00 364.00
134.00 364.00
133.00 364.00
133.00 365.00
133.00 365.00
133.00 365.00
132.00 366.00
132.00 366.00
132.00 366.00
131.00 366.00
131.00 367.00
131.00 367.00
131.00 367.00
130.00 367.00
130.00 368.00
130.00 368.00
130.00 368.00
129.00 368.00
129.00 369.00
129.00 369.00
129.00 369.00
128.00 369.00
128.00 370.00
128.00 370.00
128.00 370.00
128.00 370.00
127.00 370.00
127.00 371.00
127.00 371.00
127.00 371.00
126.00 371.00
126.00 371.00
126.00 372.00
126.00 372.00
126.00 372.00
126.00 372.00
125.00 372.00
125.00 372.00
125.00 373.00
125.00 373.00
125.00 373.00
125.00 373.00
124.00 373.00
124.00 373.00
124.00 373.00
124.00 374.00
124.00 374.00
124.00 374.00
123.00 374.00
123.00 374.00
123.00 374.00
123.00 374.00
123.00 375.00
123.00 375.00
123.00 375.00
123.00 375.00
123.00 375.00
122.00 375.00
122.00 375.00
122.00 375.00
122.00 375.00
122.00 375.00
122.00 376.00
122.00 376.00
122.00 376.00
122.00 376.00
122.00 376.00
122.00 376.00
121.00 376.00
121.00 376.00
121.00 376.00
121.00 376.00
121.00 376.00
121.00 376.00
121.00 376.00
121.00 376.00
121.00 376.00
121.00 376.00
121.00 377.00
121.00 377.00
121.00 377.00
121.00 377.00
121.00 377.00
121.00 377.00
121.00 377.00
121.00 377.00
121.00 377.00
121.00 377.00
121.00 377.00
121.00 377.00
