201.00 354.00
201.00 354.00
201.00 353.00
201.00 353.00
201.00 353.00
201.00 353.00
201.00 353.00
201.00 353.00
201.00 353.00
201.00 353.00
201.00 353.00
201.00 353.00
201.00 353.00
201.00 353.00
201.00 353.00
201.00 353.00
201.00 353.00
201.00 353.00
201.00 353.00
201.00 353.00
201.00 352.00
201.00 352.00
201.00 352.00
202.00 352.00
202.00 352.00
202.00 352.00
202.00 352.00
202.00 352.00
202.00 352.00
202.00 352.00
202.00 351.00
202.00 351.00
202.00 351.00
202.00 351.00
202.00 351.00
202.00 351.00
203.00 351.00
203.00 351.00
203.00 350.00
203.00 350.00
203.00 350.00
203.00 350.00
203.00 350.00
203.00 350.00
203.00 350.00
203.00 349.00
203.00 349.00
204.00 349.00
204.00 349.00
204.00 349.00
204.00 349.00
204.00 348.00
204.00 348.00
204.00 348.00
204.00 348.00
205.00 348.00
205.00 347.00
205.00 347.00
205.00 347.00
205.00 347.00
205.00 347.00
205.00 346.00
205.00 346.00
206.00 346.00
206.00 346.00
206.00 346.00
206.00 345.00
206.00 345.00
206.00 345.00
206.00 345.00
207.00 344.00
207.00 344.00
207.00 344.00
207.00 344.00
207.00 344.00
207.00 343.00
208.00 343.00
208.00 343.00
208.00 342.00
208.00 342.00
208.00 342.00
208.00 342.00
209.00 341.00
209.00 341.00
209.00 341.00
209.00 341.00
209.00 340.00
209.00 340.00
210.00 340.00
210.00 339.00
210.00 339.00
210.00 339.00
210.00 339.00
211.00 338.00
211.00 338.00
211.00 338.00
211.00 337.00
211.00 337.00
212.00 337.00
212.00 336.00
212.00 336.00
212.00 336.00
212.00 335.00
213.00 335.00
213.00 335.00
213.00 334.00
213.00 334.00
213.00 334.00
214.00 333.00
214.00 333.00
214.00 333.00
214.00 332.00
215.00 332.00
215.00 331.00
215.00 331.00
215.00 331.00
215.00 330.00
216.00 330.00
216.00 329.00
216.00 329.00
216.00 329.00
217.00 328.00
217.00 328.00
217.00 327.00
217.00 327.00
218.00 327.00
218.00 326.00
218.00 326.00
218.00 325.00
219.00 325.00
219.00 325.00
219.00 324.00
219.00 324.00
220.00 323.00
220.00 323.00
220.00 322.00
220.00 322.00
221.00 321.00
221.00 321.00
221.00 321.00
221.00 320.00
222.00 320.00
222.00 319.00
222.00 319.00
223.00 318.00
223.00 318.00
223.00 317.00
223.00 317.00
224.00 316.00
224.00 316.00
224.00 315.00
224.00 315.00
225.00 314.00
225.00 314.00
225.00 313.00
226.00 313.00
226.00 312.00
226.00 312.00
226.00 311.00
227.00 311.00
227.00 310.00
227.00 310.00
228.00 309.00
228.00 309.00
228.00 308.00
229.00 307.00
229.00 307.00
229.00 306.00
229.00 306.00
230.00 305.00
230.00 305.00
230.00 304.00
231.00 304.00
231.00 303.00
231.00 303.00
231.00 303.00
231.00 303.00
231.00 304.00
231.00 304.00
231.00 304.00
231.00 304.00
230.00 304.00
230.00 304.00
230.00 304.00
230.00 304.00
230.00 305.00
230.00 305.00
230.00 305.00
230.00 305.00
230.00 305.00
230.00 305.00
230.00 305.00
230.00 305.00
230.00 305.00
230.00 306.00
230.00 306.00
230.00 306.00
230.00 306.00
229.00 306.00
229.00 306.00
229.00 306.00
229.00 306.00
229.00 306.00
229.00 306.00
229.00 306.00
229.00 307.00
229.00 307.00
229.00 307.00
229.00 307.00
229.00 307.00
229.00 307.00
229.00 307.00
229.00 307.00
229.00 307.00
229.00 307.00
229.00 307.00
229.00 307.00
229.00 307.00
229.00 307.00
229.00 307.00
229.00 308.00
229.00 308.00
229.00 308.00
229.00 308.00
229.00 308.00
229.00 308.00
229.00 308.00
228.00 308.00
228.00 308.00
228.00 308.00
228.00 308.00
228.00 308.00
228.00 308.00
228.00 308.00
228.00 308.00
228.00 308.00
228.00 308.00
228.00 308.00
228.00 308.00
228.00 308.00
228.00 308.00
228.00 308.00
228.00 308.00
228.00 308.00
228.00 308.00
228.00 308.00
228.00 308.00
228.00 308.00
228.00 308.00
228.00 308.00
228.00 308.00
228.00 308.00
228.00 308.00
228.00 308.00
228.00 308.00
228.00 308.00
228.00 308.00
228.00 308.00
228.00 308.00
228.00 308.00
228.00 308.00
228.00 308.00
228.00 308.00
228.00 308.00
228.00 308.00
228.00 308.00
228.00 308.00
229.00 308.00
229.00 308.00
229.00 308.00
229.00 308.00
229.00 308.00
229.00 308.00
229.00 308.00
229.00 308.00
229.00 308.00
229.00 308.00
229.00 308.00
229.00 307.00
229.00 307.00
229.00 307.00
229.00 307.00
229.00 307.00
229.00 307.00
229.00 307.00
229.00 307.00
229.00 307.00
229.00 307.00
229.00 307.00
229.00 307.00
229.00 307.00
229.00 307.00
229.00 307.00
229.00 306.00
229.00 306.00
229.00 306.00
230.00 306.00
230.00 306.00
230.00 306.00
230.00 306.00
230.00 306.00
230.00 306.00
230.00 306.00
230.00 306.00
230.00 305.00
230.00 305.00
230.00 305.00
230.00 305.00
230.00 305.00
230.00 305.00
230.00 305.00
230.00 305.00
230.00 305.00
230.00 304.00
231.00 304.00
231.00 304.00
231.00 304.00
231.00 304.00
231.00 304.00
231.00 304.00
231.00 304.00
231.00 303.00
231.00 303.00
231.00 303.00
231.00 303.00
231.00 303.00
231.00 303.00
231.00 303.00
232.00 303.00
232.00 302.00
232.00 302.00
232.00 302.00
232.00 302.00
232.00 302.00
232.00 302.00
232.00 301.00
232.00 301.00
232.00 301.00
232.00 301.00
232.00 301.00
233.00 301.00
233.00 300.00
233.00 300.00
233.00 300.00
233.00 300.00
233.00 300.00
233.00 300.00
233.00 299.00
233.00 299.00
233.00 299.00
234.00 299.00
234.00 299.00
234.00 299.00
234.00 298.00
234.00 298.00
234.00 298.00
234.00 298.00
234.00 299.00
233.00 299.00
233.00 299.00
233.00 300.00
233.00 300.00
233.00 300.00
233.00 301.00
232.00 301.00
232.00 301.00
232.00 301.00
232.00 302.00
232.00 302.00
232.00 302.00
231.00 303.00
231.00 303.00
231.00 303.00
231.00 304.00
231.00 304.00
231.00 304.00
230.00 304.00
230.00 305.00
230.00 305.00
230.00 305.00
230.00 306.00
230.00 306.00
229.00 306.00
229.00 306.00
229.00 307.00
229.00 307.00
229.00 307.00
229.00 307.00
228.00 308.00
228.00 308.00
228.00 308.00
228.00 308.00
228.00 309.00
228.00 309.00
228.00 309.00
227.00 309.00
227.00 310.00
227.00 310.00
227.00 310.00
227.00 310.00
227.00 311.00
227.00 311.00
226.00 311.00
226.00 311.00
226.00 312.00
226.00 312.00
226.00 312.00
226.00 312.00
226.00 312.00
226.00 313.00
225.00 313.00
225.00 313.00
225.00 313.00
225.00 314.00
225.00 314.00
225.00 314.00
225.00 314.00
225.00 314.00
224.00 315.00
224.00 315.00
224.00 315.00
224.00 315.00
224.00 315.00
224.00 315.00
224.00 316.00
224.00 316.00
224.00 316.00
223.00 316.00
223.00 316.00
223.00 317.00
223.00 317.00
223.00 317.00
223.00 317.00
223.00 317.00
223.00 317.00
223.00 318.00
223.00 318.00
222.00 318.00
222.00 318.00
222.00 318.00
222.00 318.00
222.00 318.00
222.00 319.00
222.00 319.00
222.00 319.00
222.00 319.00
222.00 319.00
222.00 319.00
221.00 319.00
221.00 320.00
221.00 320.00
221.00 320.00
221.00 320.00
221.00 320.00
221.00 320.00
221.00 320.00
221.00 320.00
221.00 320.00
221.00 321.00
221.00 321.00
221.00 321.00
221.00 321.00
220.00 321.00
220.00 321.00
220.00 321.00
220.00 321.00
220.00 321.00
220.00 321.00
220.00 322.00
220.00 322.00
220.00 322.00
220.00 322.00
220.00 322.00
220.00 322.00
220.00 322.00
220.00 322.00
220.00 322.00
220.00 322.00
220.00 322.00
220.00 322.00
220.00 322.00
219.00 322.00
219.00 322.00
219.00 323.00
219.00 323.00
219.00 323.00
108.00 450.00
108.00 450.00
108.00 450.00
108.00 450.00
108.00 450.00
108.00 450.00
108.00 450.00
108.00 450.00
108.00 450.00
108.00 450.00
108.00 450.00
108.00 450.00
108.00 450.00
108.00 450.00
108.00 450.00
108.00 450.00
108.00 450.00
108.00 450.00
108.00 450.00
108.00 450.00
108.00 450.00
108.00 450.00
108.00 450.00
108.00 450.00
108.00 450.00
108.00 450.00
108.00 450.00
108.00 450.00
108.00 450.00
108.00 450.00
108.00 450.00
108.00 450.00
108.00 450.00
108.00 450.00
108.00 450.00
108.00 450.00
108.00 450.00
108.00 450.00
108.00 450.00
108.00 450.00
109.00 450.00
109.00 450.00
109.00 450.00
109.00 449.00
109.00 449.00
109.00 449.00
109.00 449.00
109.00 449.00
109.00 449.00
109.00 449.00
109.00 449.00
110.00 449.00
110.00 449.00
110.00 449.00
110.00 449.00
110.00 449.00
110.00 449.00
110.00 448.00
110.00 448.00
111.00 448.00
111.00 448.00
111.00 448.00
111.00 448.00
111.00 448.00
111.00 448.00
111.00 448.00
112.00 448.00
112.00 447.00
112.00 447.00
112.00 447.00
112.00 447.00
112.00 447.00
113.00 447.00
113.00 447.00
113.00 447.00
113.00 446.00
113.00 446.00
113.00 446.00
114.00 446.00
114.00 446.00
114.00 446.00
114.00 446.00
115.00 445.00
115.00 445.00
115.00 445.00
115.00 445.00
115.00 445.00
116.00 445.00
116.00 444.00
116.00 444.00
116.00 444.00
117.00 444.00
117.00 444.00
117.00 444.00
117.00 443.00
118.00 443.00
118.00 443.00
118.00 443.00
118.00 443.00
119.00 442.00
119.00 442.00
119.00 442.00
120.00 442.00
120.00 441.00
120.00 441.00
120.00 441.00
121.00 441.00
121.00 441.00
121.00 440.00
122.00 440.00
122.00 440.00
122.00 440.00
123.00 439.00
123.00 439.00
123.00 439.00
124.00 438.00
124.00 438.00
124.00 438.00
125.00 438.00
125.00 437.00
126.00 437.00
126.00 437.00
126.00 436.00
127.00 436.00
127.00 436.00
127.00 436.00
128.00 435.00
128.00 435.00
129.00 435.00
129.00 434.00
130.00 434.00
130.00 434.00
130.00 433.00
131.00 433.00
131.00 432.00
132.00 432.00
132.00 432.00
133.00 431.00
133.00 431.00
134.00 431.00
134.00 430.00
134.00 430.00
135.00 429.00
135.00 429.00
136.00 429.00
136.00 428.00
137.00 428.00
138.00 427.00
138.00 427.00
139.00 426.00
139.00 426.00
140.00 425.00
140.00 425.00
141.00 424.00
141.00 424.00
142.00 423.00
142.00 423.00
143.00 422.00
144.00 422.00
144.00 421.00
145.00 421.00
145.00 420.00
146.00 420.00
147.00 419.00
147.00 418.00
148.00 418.00
148.00 417.00
149.00 417.00
150.00 416.00
150.00 415.00
151.00 415.00
152.00 414.00
152.00 414.00
153.00 413.00
154.00 412.00
155.00 411.00
155.00 411.00
156.00 410.00
157.00 409.00
157.00 409.00
158.00 408.00
159.00 407.00
160.00 406.00
160.00 406.00
161.00 405.00
162.00 404.00
163.00 403.00
164.00 402.00
164.00 401.00
165.00 401.00
166.00 400.00
167.00 399.00
168.00 398.00
168.00 397.00
169.00 396.00
170.00 395.00
171.00 394.00
172.00 393.00
173.00 392.00
174.00 391.00
174.00 390.00
175.00 389.00
176.00 388.00
177.00 387.00
178.00 386.00
179.00 384.00
180.00 383.00
181.00 382.00
182.00 381.00
183.00 380.00
184.00 378.00
185.00 377.00
186.00 376.00
187.00 375.00
188.00 373.00
189.00 372.00
190.00 370.00
191.00 369.00
192.00 368.00
193.00 366.00
194.00 365.00
195.00 363.00
196.00 362.00
197.00 360.00
198.00 359.00
199.00 357.00
200.00 355.00
201.00 354.00
203.00 352.00
204.00 350.00
205.00 349.00
206.00 347.00
207.00 345.00
208.00 343.00
209.00 342.00
211.00 340.00
212.00 338.00
213.00 336.00
214.00 334.00
214.00 334.00
214.00 334.00
214.00 334.00
214.00 334.00
214.00 334.00
214.00 334.00
214.00 335.00
214.00 335.00
214.00 335.00
214.00 335.00
213.00 335.00
213.00 335.00
213.00 335.00
213.00 335.00
213.00 335.00
213.00 335.00
213.00 335.00
213.00 335.00
213.00 335.00
213.00 335.00
213.00 335.00
213.00 335.00
213.00 335.00
213.00 335.00
213.00 335.00
213.00 335.00
213.00 335.00
213.00 335.00
213.00 335.00
213.00 335.00
213.00 335.00
213.00 335.00
213.00 335.00
213.00 335.00
213.00 335.00
213.00 335.00
213.00 335.00
213.00 335.00
213.00 335.00
213.00 335.00
213.00 335.00
213.00 335.00
213.00 335.00
213.00 335.00
213.00 335.00
213.00 335.00
213.00 335.00
213.00 335.00
213.00 335.00
213.00 335.00
213.00 335.00
213.00 335.00
213.00 335.00
213.00 335.00
213.00 335.00
213.00 335.00
213.00 334.00
213.00 334.00
213.00 334.00
213.00 334.00
213.00 334.00
213.00 334.00
213.00 334.00
213.00 334.00
214.00 334.00
214.00 334.00
214.00 334.00
214.00 334.00
214.00 334.00
214.00 333.00
214.00 333.00
214.00 333.00
214.00 333.00
214.00 333.00
214.00 333.00
214.00 333.00
214.00 333.00
214.00 333.00
214.00 332.00
214.00 332.00
214.00 332.00
214.00 332.00
215.00 332.00
215.00 332.00
215.00 332.00
215.00 332.00
215.00 331.00
215.00 331.00
215.00 331.00
215.00 331.00
215.00 331.00
215.00 331.00
215.00 331.00
215.00 330.00
215.00 330.00
216.00 330.00
216.00 330.00
216.00 330.00
216.00 330.00
216.00 329.00
216.00 329.00
216.00 329.00
216.00 329.00
216.00 329.00
216.00 328.00
217.00 328.00
217.00 328.00
217.00 328.00
217.00 328.00
217.00 327.00
217.00 327.00
217.00 327.00
217.00 327.00
217.00 327.00
218.00 326.00
218.00 326.00
218.00 326.00
218.00 326.00
218.00 326.00
218.00 325.00
218.00 325.00
218.00 325.00
218.00 325.00
219.00 324.00
219.00 324.00
219.00 324.00
219.00 324.00
219.00 323.00
219.00 323.00
219.00 323.00
220.00 323.00
220.00 322.00
220.00 322.00
220.00 322.00
220.00 322.00
220.00 321.00
220.00 321.00
221.00 321.00
221.00 321.00
221.00 320.00
221.00 320.00
221.00 320.00
220.00 321.00
220.00 321.00
220.00 322.00
220.00 322.00
219.00 323.00
219.00 323.00
219.00 324.00
219.00 324.00
218.00 324.00
218.00 325.00
218.00 325.00
218.00 326.00
217.00 326.00
217.00 327.00
217.00 327.00
217.00 327.00
216.00 328.00
216.00 328.00
216.00 329.00
216.00 329.00
216.00 329.00
215.00 330.00
215.00 330.00
215.00 331.00
215.00 331.00
214.00 331.00
214.00 332.00
214.00 332.00
214.00 332.00
214.00 333.00
213.00 333.00
213.00 334.00
213.00 334.00
213.00 334.00
212.00 335.00
212.00 335.00
212.00 335.00
212.00 336.00
212.00 336.00
211.00 336.00
211.00 337.00
211.00 337.00
211.00 337.00
211.00 338.00
210.00 338.00
210.00 338.00
210.00 338.00
210.00 339.00
210.00 339.00
210.00 339.00
209.00 340.00
209.00 340.00
209.00 340.00
209.00 341.00
209.00 341.00
208.00 341.00
208.00 341.00
208.00 342.00
208.00 342.00
208.00 342.00
208.00 342.00
207.00 343.00
207.00 343.00
207.00 343.00
207.00 343.00
207.00 344.00
207.00 344.00
207.00 344.00
206.00 344.00
206.00 345.00
206.00 345.00
206.00 345.00
206.00 345.00
206.00 346.00
205.00 346.00
205.00 346.00
205.00 346.00
205.00 346.00
205.00 347.00
205.00 347.00
205.00 347.00
205.00 347.00
204.00 347.00
204.00 348.00
204.00 348.00
204.00 348.00
204.00 348.00
204.00 348.00
204.00 349.00
204.00 349.00
204.00 349.00
203.00 349.00
203.00 349.00
203.00 349.00
203.00 350.00
203.00 350.00
203.00 350.00
203.00 350.00
203.00 350.00
203.00 350.00
203.00 350.00
202.00 351.00
202.00 351.00
202.00 351.00
202.00 351.00
202.00 351.00
202.00 351.00
202.00 351.00
202.00 351.00
202.00 352.00
202.00 352.00
202.00 352.00
202.00 352.00
202.00 352.00
201.00 352.00
201.00 352.00
201.00 352.00
201.00 352.00
201.00 352.00
201.00 353.00
201.00 353.00
201.00 353.00
201.00 353.00
201.00 353.00
201.00 353.00
201.00 353.00
201.00 353.00
201.00 353.00
201.00 353.00
201.00 353.00
201.00 353.00
201.00 353.00
201.00 353.00
201.00 353.00
201.00 353.00
201.00 353.00
201.00 353.00
201.00 354.00
201.00 354.00
201.00 354.00
201.00 354.00
200.00 354.00
200.00 354.00
200.00 354.00
200.00 354.00
200.00 354.00
200.00 354.00
200.00 354.00
200.00 354.00
200.00 354.00
200.00 354.00
200.00 354.00
200.00 354.00
200.00 354.00
201.00 354.00
201.00 354.00
201.00 354.00
