191.00 323.00
191.00 323.00
191.00 323.00
191.00 323.00
191.00 323.00
191.00 323.00
191.00 323.00
191.00 323.00
191.00 323.00
191.00 323.00
191.00 323.00
191.00 323.00
191.00 323.00
191.00 323.00
191.00 323.00
191.00 323.00
191.00 323.00
191.00 322.00
191.00 322.00
191.00 322.00
191.00 322.00
191.00 322.00
191.00 322.00
191.00 322.00
191.00 322.00
192.00 322.00
192.00 322.00
192.00 322.00
192.00 322.00
192.00 322.00
192.00 322.00
192.00 322.00
192.00 322.00
192.00 321.00
192.00 321.00
192.00 321.00
192.00 321.00
192.00 321.00
192.00 321.00
193.00 321.00
193.00 321.00
193.00 321.00
193.00 321.00
193.00 321.00
193.00 320.00
193.00 320.00
193.00 320.00
193.00 320.00
193.00 320.00
194.00 320.00
194.00 320.00
194.00 320.00
194.00 320.00
194.00 319.00
194.00 319.00
194.00 319.00
194.00 319.00
195.00 319.00
195.00 319.00
195.00 319.00
195.00 319.00
195.00 318.00
195.00 318.00
195.00 318.00
196.00 318.00
196.00 318.00
196.00 318.00
196.00 317.00
196.00 317.00
196.00 317.00
196.00 317.00
197.00 317.00
197.00 317.00
197.00 316.00
197.00 316.00
197.00 316.00
197.00 316.00
198.00 316.00
198.00 316.00
198.00 315.00
198.00 315.00
198.00 315.00
198.00 315.00
199.00 315.00
199.00 314.00
199.00 314.00
199.00 314.00
199.00 314.00
200.00 314.00
200.00 313.00
200.00 313.00
200.00 313.00
200.00 313.00
201.00 313.00
201.00 312.00
201.00 312.00
201.00 312.00
201.00 312.00
202.00 312.00
202.00 311.00
202.00 311.00
202.00 311.00
203.00 311.00
203.00 310.00
203.00 310.00
203.00 310.00
203.00 310.00
204.00 309.00
204.00 309.00
204.00 309.00
204.00 309.00
205.00 308.00
205.00 308.00
205.00 308.00
205.00 308.00
206.00 307.00
206.00 307.00
206.00 307.00
206.00 307.00
207.00 306.00
207.00 306.00
207.00 306.00
207.00 306.00
208.00 305.00
208.00 305.00
208.00 305.00
207.00 306.00
207.00 306.00
207.00 306.00
207.00 306.00
206.00 307.00
206.00 307.00
206.00 307.00
206.00 308.00
205.00 308.00
205.00 308.00
205.00 309.00
204.00 309.00
204.00 309.00
204.00 309.00
204.00 310.00
203.00 310.00
203.00 310.00
203.00 310.00
203.00 311.00
202.00 311.00
202.00 311.00
202.00 311.00
202.00 312.00
202.00 312.00
201.00 312.00
201.00 312.00
201.00 313.00
201.00 313.00
200.00 313.00
200.00 313.00
200.00 314.00
200.00 314.00
200.00 314.00
199.00 314.00
199.00 315.00
199.00 315.00
199.00 315.00
199.00 315.00
198.00 315.00
198.00 316.00
198.00 316.00
198.00 316.00
198.00 316.00
197.00 316.00
197.00 317.00
197.00 317.00
197.00 317.00
197.00 317.00
196.00 317.00
196.00 318.00
196.00 318.00
196.00 318.00
196.00 318.00
196.00 318.00
195.00 319.00
195.00 319.00
195.00 319.00
195.00 319.00
195.00 319.00
195.00 319.00
194.00 320.00
194.00 320.00
194.00 320.00
194.00 320.00
194.00 320.00
194.00 320.00
194.00 321.00
193.00 321.00
193.00 321.00
193.00 321.00
193.00 321.00
193.00 321.00
193.00 321.00
193.00 322.00
193.00 322.00
192.00 322.00
192.00 322.00
192.00 322.00
192.00 322.00
192.00 322.00
192.00 322.00
192.00 323.00
192.00 323.00
192.00 323.00
191.00 323.00
191.00 323.00
191.00 323.00
191.00 323.00
191.00 323.00
191.00 323.00
191.00 324.00
191.00 324.00
191.00 324.00
191.00 324.00
191.00 324.00
190.00 324.00
190.00 324.00
190.00 324.00
190.00 324.00
190.00 324.00
190.00 324.00
190.00 324.00
190.00 325.00
190.00 325.00
190.00 325.00
190.00 325.00
190.00 325.00
190.00 325.00
190.00 325.00
190.00 325.00
190.00 325.00
190.00 325.00
190.00 325.00
190.00 325.00
189.00 325.00
189.00 325.00
189.00 325.00
189.00 325.00
189.00 325.00
189.00 325.00
189.00 325.00
189.00 325.00
189.00 325.00
189.00 325.00
189.00 325.00
189.00 325.00
189.00 326.00
189.00 326.00
189.00 326.00
189.00 326.00
189.00 326.00
189.00 326.00
189.00 326.00
189.00 326.00
189.00 326.00
189.00 326.00
189.00 326.00
189.00 325.00
189.00 325.00
189.00 325.00
189.00 325.00
189.00 325.00
189.00 325.00
189.00 325.00
190.00 325.00
190.00 325.00
190.00 325.00
190.00 325.00
190.00 325.00
190.00 325.00
190.00 325.00
190.00 325.00
190.00 325.00
190.00 325.00
190.00 325.00
190.00 325.00
190.00 325.00
190.00 325.00
190.00 325.00
190.00 325.00
190.00 325.00
190.00 325.00
191.00 324.00
191.00 324.00
191.00 324.00
191.00 324.00
191.00 324.00
191.00 324.00
191.00 324.00
191.00 324.00
191.00 324.00
191.00 324.00
191.00 324.00
191.00 324.00
192.00 323.00
192.00 323.00
192.00 323.00
192.00 323.00
192.00 323.00
191.00 324.00
190.00 325.00
189.00 326.00
188.00 327.00
186.00 329.00
185.00 330.00
184.00 331.00
183.00 332.00
182.00 333.00
181.00 334.00
180.00 335.00
179.00 336.00
178.00 337.00
177.00 338.00
176.00 339.00
175.00 340.00
174.00 341.00
174.00 341.00
174.00 341.00
175.00 340.00
175.00 340.00
175.00 340.00
175.00 340.00
175.00 340.00
176.00 339.00
176.00 339.00
176.00 339.00
176.00 339.00
176.00 339.00
177.00 338.00
177.00 338.00
177.00 338.00
177.00 338.00
178.00 337.00
178.00 337.00
178.00 337.00
178.00 337.00
179.00 336.00
179.00 336.00
179.00 336.00
179.00 336.00
180.00 335.00
180.00 335.00
180.00 335.00
180.00 335.00
181.00 334.00
181.00 334.00
181.00 334.00
182.00 334.00
182.00 333.00
182.00 333.00
182.00 333.00
183.00 332.00
183.00 332.00
183.00 332.00
184.00 332.00
184.00 331.00
184.00 331.00
185.00 331.00
185.00 330.00
185.00 330.00
185.00 330.00
186.00 329.00
186.00 329.00
186.00 329.00
187.00 328.00
187.00 328.00
187.00 328.00
188.00 327.00
188.00 327.00
188.00 327.00
189.00 326.00
189.00 326.00
190.00 326.00
190.00 325.00
190.00 325.00
191.00 324.00
191.00 324.00
191.00 324.00
192.00 323.00
192.00 323.00
192.00 323.00
193.00 322.00
193.00 322.00
194.00 321.00
194.00 321.00
194.00 321.00
195.00 320.00
195.00 320.00
196.00 319.00
196.00 319.00
196.00 319.00
197.00 318.00
197.00 318.00
198.00 317.00
198.00 317.00
198.00 317.00
197.00 318.00
197.00 318.00
197.00 318.00
197.00 318.00
196.00 319.00
196.00 319.00
196.00 319.00
196.00 319.00
195.00 320.00
195.00 320.00
195.00 320.00
195.00 320.00
194.00 320.00
194.00 321.00
194.00 321.00
194.00 321.00
194.00 321.00
193.00 322.00
193.00 322.00
193.00 322.00
193.00 322.00
192.00 322.00
192.00 323.00
192.00 323.00
192.00 323.00
192.00 323.00
191.00 323.00
191.00 324.00
191.00 324.00
191.00 324.00
191.00 324.00
190.00 324.00
190.00 325.00
190.00 325.00
190.00 325.00
190.00 325.00
190.00 325.00
189.00 325.00
189.00 326.00
189.00 326.00
189.00 326.00
189.00 326.00
189.00 326.00
188.00 326.00
188.00 326.00
188.00 327.00
188.00 327.00
188.00 327.00
188.00 327.00
187.00 327.00
187.00 327.00
187.00 327.00
187.00 328.00
187.00 328.00
187.00 328.00
187.00 328.00
186.00 328.00
186.00 328.00
186.00 328.00
186.00 328.00
186.00 329.00
186.00 329.00
186.00 329.00
186.00 329.00
185.00 329.00
185.00 329.00
185.00 329.00
185.00 329.00
185.00 329.00
185.00 329.00
185.00 330.00
185.00 330.00
185.00 330.00
185.00 330.00
185.00 330.00
184.00 330.00
184.00 330.00
184.00 330.00
184.00 330.00
184.00 330.00
184.00 330.00
184.00 330.00
184.00 330.00
184.00 330.00
184.00 330.00
184.00 331.00
184.00 331.00
184.00 331.00
184.00 331.00
183.00 331.00
183.00 331.00
183.00 331.00
103.00 413.00
103.00 413.00
103.00 413.00
103.00 413.00
103.00 413.00
103.00 413.00
103.00 413.00
103.00 413.00
103.00 413.00
103.00 413.00
103.00 413.00
103.00 413.00
103.00 413.00
103.00 413.00
103.00 413.00
103.00 413.00
103.00 413.00
103.00 413.00
103.00 413.00
103.00 413.00
103.00 413.00
103.00 413.00
103.00 413.00
103.00 413.00
103.00 413.00
103.00 413.00
103.00 413.00
103.00 413.00
103.00 413.00
103.00 413.00
103.00 413.00
103.00 413.00
103.00 413.00
103.00 413.00
103.00 413.00
103.00 413.00
103.00 413.00
103.00 413.00
103.00 413.00
103.00 413.00
103.00 413.00
103.00 412.00
104.00 412.00
104.00 412.00
104.00 412.00
104.00 412.00
104.00 412.00
104.00 412.00
104.00 412.00
104.00 412.00
104.00 412.00
104.00 412.00
104.00 411.00
105.00 411.00
105.00 411.00
105.00 411.00
105.00 411.00
105.00 411.00
105.00 411.00
105.00 411.00
105.00 411.00
106.00 410.00
106.00 410.00
106.00 410.00
106.00 410.00
106.00 410.00
106.00 410.00
106.00 409.00
107.00 409.00
107.00 409.00
107.00 409.00
107.00 409.00
107.00 409.00
107.00 409.00
108.00 408.00
108.00 408.00
108.00 408.00
108.00 408.00
108.00 408.00
109.00 407.00
109.00 407.00
109.00 407.00
109.00 407.00
109.00 407.00
110.00 406.00
110.00 406.00
110.00 406.00
110.00 406.00
110.00 405.00
111.00 405.00
111.00 405.00
111.00 405.00
111.00 405.00
112.00 404.00
112.00 404.00
112.00 404.00
112.00 404.00
113.00 403.00
113.00 403.00
113.00 403.00
113.00 402.00
114.00 402.00
114.00 402.00
114.00 402.00
115.00 401.00
115.00 401.00
115.00 401.00
115.00 400.00
116.00 400.00
116.00 400.00
116.00 399.00
117.00 399.00
117.00 399.00
117.00 399.00
118.00 398.00
118.00 398.00
118.00 397.00
119.00 397.00
119.00 397.00
119.00 396.00
120.00 396.00
120.00 396.00
121.00 395.00
121.00 395.00
121.00 395.00
122.00 394.00
122.00 394.00
123.00 393.00
123.00 393.00
123.00 393.00
124.00 392.00
124.00 392.00
125.00 391.00
125.00 391.00
125.00 390.00
126.00 390.00
126.00 390.00
127.00 389.00
127.00 389.00
128.00 388.00
128.00 388.00
129.00 387.00
129.00 387.00
130.00 386.00
130.00 386.00
131.00 385.00
131.00 385.00
132.00 384.00
132.00 384.00
133.00 383.00
133.00 383.00
134.00 382.00
134.00 381.00
135.00 381.00
135.00 380.00
136.00 380.00
137.00 379.00
137.00 379.00
138.00 378.00
138.00 377.00
139.00 377.00
140.00 376.00
140.00 376.00
141.00 375.00
141.00 374.00
142.00 374.00
143.00 373.00
143.00 372.00
144.00 372.00
145.00 371.00
145.00 370.00
146.00 370.00
147.00 369.00
147.00 368.00
148.00 368.00
149.00 367.00
149.00 366.00
150.00 365.00
151.00 365.00
152.00 364.00
152.00 363.00
153.00 362.00
154.00 362.00
155.00 361.00
155.00 360.00
156.00 359.00
157.00 358.00
158.00 358.00
159.00 357.00
159.00 356.00
160.00 355.00
161.00 354.00
162.00 353.00
163.00 352.00
164.00 351.00
164.00 351.00
165.00 350.00
166.00 349.00
167.00 348.00
168.00 347.00
169.00 346.00
170.00 345.00
171.00 344.00
172.00 343.00
173.00 342.00
174.00 341.00
175.00 340.00
176.00 339.00
177.00 338.00
178.00 337.00
179.00 336.00
180.00 335.00
181.00 334.00
182.00 333.00
183.00 332.00
184.00 331.00
185.00 330.00
186.00 328.00
187.00 327.00
188.00 326.00
189.00 325.00
189.00 325.00
189.00 325.00
189.00 325.00
189.00 325.00
188.00 326.00
188.00 326.00
188.00 326.00
188.00 326.00
188.00 326.00
188.00 326.00
188.00 326.00
188.00 326.00
188.00 326.00
188.00 326.00
188.00 326.00
187.00 327.00
187.00 327.00
187.00 327.00
187.00 327.00
187.00 327.00
187.00 327.00
187.00 327.00
187.00 327.00
187.00 327.00
187.00 327.00
187.00 327.00
187.00 327.00
187.00 327.00
187.00 327.00
187.00 327.00
187.00 327.00
186.00 328.00
186.00 328.00
186.00 328.00
186.00 328.00
186.00 328.00
186.00 328.00
186.00 328.00
186.00 328.00
186.00 328.00
186.00 328.00
186.00 328.00
186.00 328.00
186.00 328.00
186.00 328.00
186.00 328.00
186.00 328.00
186.00 328.00
186.00 328.00
186.00 328.00
186.00 328.00
186.00 328.00
186.00 328.00
186.00 328.00
186.00 328.00
186.00 328.00
186.00 328.00
186.00 328.00
186.00 328.00
186.00 328.00
186.00 328.00
186.00 328.00
186.00 328.00
186.00 328.00
186.00 328.00
186.00 328.00
186.00 328.00
186.00 327.00
187.00 327.00
187.00 327.00
187.00 327.00
187.00 327.00
187.00 327.00
187.00 327.00
187.00 327.00
187.00 327.00
187.00 327.00
187.00 327.00
187.00 327.00
187.00 327.00
187.00 327.00
187.00 327.00
187.00 327.00
187.00 326.00
188.00 326.00
188.00 326.00
188.00 326.00
188.00 326.00
188.00 326.00
188.00 326.00
188.00 326.00
188.00 326.00
188.00 326.00
188.00 326.00
188.00 325.00
189.00 325.00
189.00 325.00
189.00 325.00
189.00 325.00
189.00 325.00
189.00 325.00
189.00 325.00
189.00 324.00
189.00 324.00
190.00 324.00
190.00 324.00
190.00 324.00
190.00 324.00
190.00 324.00
190.00 323.00
190.00 323.00
191.00 323.00
191.00 323.00
191.00 323.00
191.00 323.00
191.00 323.00
191.00 322.00
191.00 322.00
192.00 322.00
192.00 322.00
192.00 322.00
192.00 322.00
192.00 321.00
192.00 321.00
193.00 321.00
193.00 321.00
193.00 321.00
193.00 321.00
193.00 320.00
193.00 320.00
194.00 320.00
194.00 320.00
194.00 320.00
194.00 319.00
194.00 319.00
195.00 319.00
195.00 319.00
195.00 319.00
195.00 318.00
195.00 318.00
196.00 318.00
196.00 318.00
196.00 317.00
196.00 317.00
197.00 317.00
197.00 317.00
197.00 317.00
197.00 316.00
197.00 316.00
198.00 316.00
198.00 316.00
198.00 315.00
198.00 315.00
199.00 315.00
199.00 315.00
199.00 314.00
199.00 314.00
200.00 314.00
200.00 314.00
200.00 313.00
200.00 313.00
201.00 313.00
201.00 312.00
201.00 312.00
201.00 312.00
202.00 312.00
202.00 311.00
202.00 311.00
202.00 311.00
203.00 311.00
203.00 310.00
203.00 310.00
203.00 310.00
204.00 309.00
204.00 309.00
204.00 309.00
205.00 308.00
205.00 308.00
205.00 308.00
205.00 308.00
206.00 307.00
206.00 307.00
206.00 307.00
207.00 306.00
207.00 306.00
207.00 306.00
206.00 307.00
206.00 307.00
206.00 307.00
206.00 307.00
205.00 308.00
205.00 308.00
205.00 308.00
205.00 308.00
204.00 309.00
204.00 309.00
204.00 309.00
204.00 309.00
204.00 310.00
203.00 310.00
203.00 310.00
203.00 310.00
203.00 311.00
202.00 311.00
202.00 311.00
202.00 311.00
202.00 311.00
201.00 312.00
201.00 312.00
201.00 312.00
201.00 312.00
201.00 313.00
200.00 313.00
200.00 313.00
200.00 313.00
200.00 313.00
200.00 314.00
199.00 314.00
199.00 314.00
199.00 314.00
199.00 314.00
199.00 315.00
199.00 315.00
198.00 315.00
198.00 315.00
198.00 315.00
198.00 316.00
198.00 316.00
197.00 316.00
197.00 316.00
197.00 316.00
197.00 316.00
197.00 317.00
197.00 317.00
196.00 317.00
196.00 317.00
196.00 317.00
196.00 317.00
196.00 318.00
196.00 318.00
196.00 318.00
195.00 318.00
195.00 318.00
195.00 318.00
195.00 318.00
195.00 319.00
195.00 319.00
195.00 319.00
194.00 319.00
194.00 319.00
194.00 319.00
194.00 319.00
194.00 320.00
194.00 320.00
194.00 320.00
194.00 320.00
193.00 320.00
193.00 320.00
193.00 320.00
193.00 320.00
193.00 320.00
193.00 321.00
193.00 321.00
193.00 321.00
193.00 321.00
193.00 321.00
192.00 321.00
192.00 321.00
192.00 321.00
192.00 321.00
192.00 321.00
192.00 321.00
192.00 322.00
192.00 322.00
192.00 322.00
192.00 322.00
192.00 322.00
192.00 322.00
192.00 322.00
192.00 322.00
191.00 322.00
191.00 322.00
191.00 322.00
191.00 322.00
191.00 322.00
191.00 322.00
191.00 322.00
191.00 322.00
191.00 322.00
191.00 323.00
191.00 323.00
191.00 323.00
191.00 323.00
191.00 323.00
191.00 323.00
191.00 323.00
191.00 323.00
191.00 323.00
191.00 323.00
191.00 323.00
191.00 323.00
191.00 323.00
191.00 323.00
191.00 323.00
191.00 323.00
191.00 323.00
191.00 323.00
191.00 323.00
191.00 323.00
