148.00 348.00
148.00 348.00
148.00 348.00
148.00 348.00
148.00 348.00
148.00 348.00
148.00 347.00
148.00 347.00
148.00 347.00
148.00 347.00
148.00 347.00
148.00 347.00
148.00 347.00
148.00 347.00
148.00 347.00
148.00 347.00
148.00 347.00
148.00 347.00
148.00 347.00
148.00 347.00
149.00 347.00
149.00 347.00
149.00 347.00
149.00 347.00
149.00 347.00
149.00 346.00
149.00 346.00
149.00 346.00
149.00 346.00
149.00 346.00
149.00 346.00
150.00 346.00
150.00 346.00
150.00 346.00
150.00 346.00
150.00 345.00
150.00 345.00
150.00 345.00
150.00 345.00
150.00 345.00
151.00 345.00
151.00 345.00
151.00 345.00
151.00 344.00
151.00 344.00
151.00 344.00
151.00 344.00
152.00 344.00
152.00 344.00
152.00 344.00
152.00 343.00
152.00 343.00
152.00 343.00
153.00 343.00
153.00 343.00
153.00 343.00
153.00 343.00
153.00 342.00
153.00 342.00
154.00 342.00
154.00 342.00
154.00 342.00
154.00 341.00
154.00 341.00
155.00 341.00
155.00 341.00
155.00 341.00
155.00 340.00
155.00 340.00
156.00 340.00
156.00 340.00
156.00 340.00
156.00 339.00
157.00 339.00
157.00 339.00
157.00 339.00
157.00 339.00
158.00 338.00
158.00 338.00
158.00 338.00
158.00 338.00
159.00 337.00
159.00 337.00
159.00 337.00
159.00 337.00
160.00 336.00
160.00 336.00
160.00 336.00
160.00 336.00
161.00 335.00
161.00 335.00
161.00 335.00
162.00 334.00
162.00 334.00
162.00 334.00
163.00 334.00
163.00 333.00
163.00 333.00
164.00 333.00
164.00 332.00
164.00 332.00
165.00 332.00
165.00 332.00
165.00 331.00
166.00 331.00
166.00 331.00
166.00 330.00
167.00 330.00
167.00 330.00
167.00 329.00
168.00 329.00
168.00 329.00
168.00 328.00
169.00 328.00
169.00 328.00
170.00 327.00
170.00 327.00
170.00 327.00
171.00 326.00
171.00 326.00
172.00 326.00
172.00 325.00
172.00 325.00
173.00 324.00
173.00 324.00
174.00 324.00
174.00 323.00
174.00 323.00
175.00 323.00
175.00 322.00
176.00 322.00
176.00 321.00
177.00 321.00
177.00 321.00
178.00 320.00
178.00 320.00
178.00 319.00
179.00 319.00
179.00 319.00
180.00 318.00
180.00 318.00
181.00 317.00
181.00 317.00
182.00 316.00
182.00 316.00
183.00 316.00
183.00 315.00
184.00 315.00
184.00 314.00
185.00 314.00
185.00 313.00
186.00 313.00
186.00 312.00
187.00 312.00
187.00 311.00
188.00 311.00
188.00 311.00
187.00 311.00
187.00 312.00
187.00 312.00
187.00 312.00
186.00 312.00
186.00 312.00
186.00 313.00
186.00 313.00
186.00 313.00
185.00 313.00
185.00 313.00
185.00 314.00
185.00 314.00
184.00 314.00
184.00 314.00
184.00 314.00
184.00 315.00
184.00 315.00
183.00 315.00
183.00 315.00
183.00 315.00
183.00 316.00
183.00 316.00
182.00 316.00
182.00 316.00
182.00 316.00
182.00 316.00
182.00 316.00
181.00 317.00
181.00 317.00
181.00 317.00
181.00 317.00
181.00 317.00
181.00 317.00
180.00 318.00
180.00 318.00
180.00 318.00
180.00 318.00
180.00 318.00
180.00 318.00
179.00 318.00
179.00 318.00
179.00 319.00
179.00 319.00
179.00 319.00
179.00 319.00
179.00 319.00
178.00 319.00
178.00 319.00
178.00 319.00
178.00 320.00
178.00 320.00
178.00 320.00
178.00 320.00
178.00 320.00
178.00 320.00
177.00 320.00
177.00 320.00
177.00 320.00
177.00 320.00
177.00 320.00
177.00 321.00
177.00 321.00
177.00 321.00
177.00 321.00
177.00 321.00
176.00 321.00
176.00 321.00
176.00 321.00
176.00 321.00
176.00 321.00
176.00 321.00
176.00 321.00
176.00 321.00
176.00 321.00
176.00 321.00
176.00 322.00
176.00 322.00
176.00 322.00
176.00 322.00
176.00 322.00
176.00 322.00
176.00 322.00
175.00 322.00
175.00 322.00
175.00 322.00
175.00 322.00
175.00 322.00
175.00 322.00
175.00 322.00
175.00 322.00
175.00 322.00
175.00 322.00
175.00 322.00
175.00 322.00
175.00 322.00
175.00 322.00
175.00 322.00
175.00 322.00
175.00 322.00
175.00 322.00
175.00 322.00
175.00 322.00
175.00 322.00
175.00 322.00
175.00 322.00
175.00 322.00
175.00 322.00
175.00 322.00
175.00 322.00
175.00 322.00
175.00 322.00
175.00 322.00
175.00 322.00
176.00 322.00
176.00 322.00
176.00 322.00
176.00 322.00
176.00 322.00
176.00 322.00
176.00 322.00
176.00 321.00
176.00 321.00
176.00 321.00
176.00 321.00
176.00 321.00
176.00 321.00
176.00 321.00
176.00 321.00
176.00 321.00
177.00 321.00
177.00 321.00
177.00 321.00
177.00 321.00
177.00 321.00
177.00 321.00
177.00 320.00
177.00 320.00
177.00 320.00
177.00 320.00
177.00 320.00
178.00 320.00
178.00 320.00
178.00 320.00
178.00 320.00
178.00 320.00
178.00 319.00
178.00 319.00
178.00 319.00
179.00 319.00
179.00 319.00
179.00 319.00
179.00 319.00
179.00 319.00
179.00 319.00
179.00 318.00
180.00 318.00
180.00 318.00
180.00 318.00
180.00 318.00
180.00 318.00
180.00 318.00
180.00 317.00
181.00 317.00
181.00 317.00
181.00 317.00
181.00 317.00
181.00 317.00
182.00 317.00
182.00 316.00
182.00 316.00
182.00 316.00
182.00 316.00
182.00 316.00
183.00 316.00
183.00 315.00
183.00 315.00
183.00 315.00
183.00 315.00
184.00 315.00
184.00 315.00
184.00 314.00
184.00 314.00
185.00 314.00
185.00 314.00
185.00 314.00
185.00 313.00
185.00 313.00
186.00 313.00
186.00 313.00
186.00 313.00
186.00 312.00
187.00 312.00
187.00 312.00
187.00 312.00
187.00 312.00
188.00 311.00
188.00 311.00
188.00 311.00
188.00 311.00
189.00 310.00
189.00 310.00
189.00 310.00
189.00 310.00
190.00 309.00
190.00 309.00
190.00 309.00
191.00 309.00
191.00 309.00
191.00 308.00
191.00 308.00
192.00 308.00
192.00 308.00
192.00 307.00
193.00 307.00
193.00 307.00
193.00 307.00
194.00 306.00
194.00 306.00
194.00 306.00
195.00 305.00
195.00 305.00
195.00 305.00
195.00 305.00
196.00 304.00
196.00 304.00
196.00 304.00
197.00 304.00
197.00 303.00
197.00 303.00
198.00 303.00
198.00 302.00
199.00 302.00
199.00 302.00
199.00 302.00
200.00 301.00
200.00 301.00
200.00 301.00
201.00 300.00
201.00 300.00
201.00 300.00
201.00 300.00
200.00 301.00
200.00 301.00
200.00 301.00
144.00 352.00
144.00 352.00
143.00 353.00
143.00 353.00
143.00 353.00
142.00 354.00
142.00 354.00
141.00 354.00
141.00 355.00
141.00 355.00
140.00 355.00
140.00 356.00
140.00 356.00
139.00 356.00
139.00 357.00
139.00 357.00
138.00 357.00
138.00 358.00
138.00 358.00
138.00 358.00
137.00 358.00
137.00 359.00
137.00 359.00
136.00 359.00
136.00 359.00
136.00 360.00
136.00 360.00
135.00 360.00
135.00 361.00
135.00 361.00
134.00 361.00
134.00 361.00
134.00 361.00
134.00 362.00
133.00 362.00
133.00 362.00
133.00 362.00
133.00 363.00
133.00 363.00
132.00 363.00
132.00 363.00
132.00 364.00
132.00 364.00
131.00 364.00
131.00 364.00
131.00 364.00
131.00 365.00
131.00 365.00
130.00 365.00
130.00 365.00
130.00 365.00
130.00 365.00
130.00 366.00
129.00 366.00
129.00 366.00
129.00 366.00
129.00 366.00
129.00 366.00
129.00 367.00
129.00 367.00
128.00 367.00
128.00 367.00
128.00 367.00
128.00 367.00
128.00 367.00
128.00 368.00
127.00 368.00
127.00 368.00
127.00 368.00
127.00 368.00
127.00 368.00
127.00 368.00
127.00 368.00
127.00 368.00
127.00 369.00
126.00 369.00
126.00 369.00
126.00 369.00
126.00 369.00
126.00 369.00
126.00 369.00
126.00 369.00
126.00 369.00
126.00 369.00
126.00 369.00
126.00 369.00
126.00 370.00
125.00 370.00
125.00 370.00
125.00 370.00
125.00 370.00
125.00 370.00
125.00 370.00
125.00 370.00
125.00 370.00
125.00 370.00
125.00 370.00
125.00 370.00
125.00 370.00
125.00 370.00
125.00 370.00
125.00 370.00
125.00 370.00
125.00 370.00
125.00 370.00
125.00 370.00
125.00 370.00
125.00 370.00
125.00 370.00
125.00 370.00
125.00 370.00
125.00 370.00
125.00 370.00
125.00 370.00
125.00 370.00
125.00 370.00
125.00 370.00
125.00 370.00
125.00 370.00
125.00 370.00
125.00 370.00
125.00 370.00
125.00 370.00
125.00 370.00
125.00 370.00
125.00 370.00
125.00 370.00
125.00 370.00
125.00 370.00
125.00 369.00
126.00 369.00
126.00 369.00
126.00 369.00
126.00 369.00
126.00 369.00
126.00 369.00
126.00 369.00
126.00 369.00
126.00 369.00
126.00 369.00
126.00 369.00
126.00 368.00
127.00 368.00
127.00 368.00
127.00 368.00
127.00 368.00
127.00 368.00
127.00 368.00
127.00 368.00
127.00 368.00
128.00 367.00
128.00 367.00
128.00 367.00
128.00 367.00
128.00 367.00
128.00 367.00
128.00 367.00
129.00 366.00
129.00 366.00
129.00 366.00
129.00 366.00
129.00 366.00
129.00 366.00
130.00 365.00
130.00 365.00
130.00 365.00
130.00 365.00
130.00 365.00
130.00 364.00
131.00 364.00
131.00 364.00
131.00 364.00
131.00 364.00
131.00 363.00
132.00 363.00
132.00 363.00
132.00 363.00
132.00 363.00
133.00 362.00
133.00 362.00
133.00 362.00
133.00 362.00
134.00 361.00
134.00 361.00
134.00 361.00
133.00 362.00
132.00 363.00
131.00 364.00
130.00 365.00
129.00 366.00
128.00 366.00
127.00 367.00
127.00 368.00
126.00 369.00
125.00 370.00
124.00 371.00
123.00 372.00
122.00 372.00
122.00 373.00
121.00 374.00
120.00 375.00
119.00 376.00
118.00 376.00
118.00 377.00
117.00 378.00
116.00 379.00
115.00 379.00
115.00 380.00
114.00 381.00
113.00 381.00
113.00 382.00
112.00 383.00
111.00 383.00
111.00 384.00
110.00 385.00
109.00 385.00
109.00 386.00
108.00 387.00
108.00 387.00
107.00 388.00
106.00 389.00
106.00 389.00
105.00 390.00
105.00 390.00
104.00 391.00
104.00 391.00
103.00 392.00
103.00 393.00
102.00 393.00
101.00 394.00
101.00 394.00
100.00 395.00
100.00 395.00
99.00 396.00
99.00 396.00
99.00 397.00
98.00 397.00
98.00 398.00
97.00 398.00
97.00 399.00
96.00 399.00
96.00 400.00
95.00 400.00
95.00 401.00
95.00 401.00
94.00 401.00
94.00 402.00
93.00 402.00
93.00 403.00
93.00 403.00
92.00 403.00
92.00 404.00
91.00 404.00
91.00 405.00
91.00 405.00
90.00 405.00
90.00 406.00
90.00 406.00
89.00 407.00
89.00 407.00
89.00 407.00
88.00 408.00
88.00 408.00
88.00 408.00
87.00 409.00
87.00 409.00
87.00 409.00
86.00 410.00
86.00 410.00
86.00 410.00
86.00 411.00
85.00 411.00
85.00 411.00
85.00 411.00
85.00 412.00
84.00 412.00
84.00 412.00
84.00 413.00
83.00 413.00
83.00 413.00
83.00 413.00
83.00 414.00
83.00 414.00
82.00 414.00
82.00 414.00
82.00 415.00
82.00 415.00
81.00 415.00
81.00 415.00
81.00 416.00
81.00 416.00
81.00 416.00
80.00 416.00
80.00 416.00
80.00 417.00
80.00 417.00
80.00 417.00
79.00 417.00
79.00 417.00
79.00 418.00
79.00 418.00
79.00 418.00
79.00 418.00
78.00 418.00
78.00 419.00
78.00 419.00
78.00 419.00
78.00 419.00
78.00 419.00
78.00 419.00
77.00 420.00
77.00 420.00
77.00 420.00
77.00 420.00
77.00 420.00
77.00 420.00
77.00 420.00
76.00 421.00
76.00 421.00
76.00 421.00
76.00 421.00
76.00 421.00
76.00 421.00
76.00 421.00
76.00 421.00
76.00 422.00
76.00 422.00
75.00 422.00
75.00 422.00
75.00 422.00
75.00 422.00
75.00 422.00
75.00 422.00
75.00 422.00
75.00 422.00
75.00 422.00
75.00 423.00
75.00 423.00
75.00 423.00
75.00 423.00
74.00 423.00
74.00 423.00
74.00 423.00
74.00 423.00
74.00 423.00
74.00 423.00
74.00 423.00
74.00 423.00
74.00 423.00
74.00 423.00
74.00 423.00
74.00 423.00
74.00 423.00
74.00 423.00
74.00 423.00
74.00 423.00
74.00 423.00
74.00 423.00
74.00 424.00
74.00 424.00
74.00 424.00
74.00 424.00
74.00 424.00
74.00 424.00
74.00 424.00
74.00 424.00
74.00 424.00
74.00 424.00
74.00 424.00
74.00 424.00
74.00 423.00
74.00 423.00
74.00 423.00
74.00 423.00
74.00 423.00
74.00 423.00
74.00 423.00
74.00 423.00
74.00 423.00
74.00 423.00
74.00 423.00
74.00 423.00
74.00 423.00
74.00 423.00
74.00 423.00
74.00 423.00
74.00 423.00
74.00 423.00
75.00 423.00
75.00 423.00
75.00 423.00
75.00 423.00
75.00 422.00
75.00 422.00
75.00 422.00
75.00 422.00
75.00 422.00
75.00 422.00
75.00 422.00
75.00 422.00
75.00 422.00
76.00 422.00
76.00 422.00
76.00 421.00
76.00 421.00
76.00 421.00
76.00 421.00
76.00 421.00
76.00 421.00
76.00 421.00
76.00 421.00
77.00 420.00
77.00 420.00
77.00 420.00
77.00 420.00
77.00 420.00
77.00 420.00
77.00 420.00
78.00 419.00
78.00 419.00
78.00 419.00
78.00 419.00
78.00 419.00
78.00 419.00
78.00 418.00
79.00 418.00
79.00 418.00
79.00 418.00
79.00 418.00
79.00 417.00
79.00 417.00
80.00 417.00
80.00 417.00
80.00 417.00
80.00 416.00
80.00 416.00
81.00 416.00
81.00 416.00
81.00 416.00
81.00 415.00
81.00 415.00
82.00 415.00
82.00 415.00
82.00 414.00
82.00 414.00
83.00 414.00
83.00 414.00
83.00 413.00
83.00 413.00
84.00 413.00
84.00 413.00
84.00 412.00
84.00 412.00
85.00 412.00
85.00 411.00
85.00 411.00
85.00 411.00
86.00 411.00
86.00 410.00
86.00 410.00
86.00 410.00
87.00 409.00
87.00 409.00
87.00 409.00
88.00 408.00
88.00 408.00
88.00 408.00
89.00 407.00
89.00 407.00
89.00 407.00
90.00 406.00
90.00 406.00
90.00 405.00
91.00 405.00
91.00 405.00
91.00 404.00
92.00 404.00
92.00 403.00
93.00 403.00
93.00 403.00
93.00 402.00
94.00 402.00
94.00 401.00
95.00 401.00
95.00 400.00
95.00 400.00
96.00 400.00
96.00 399.00
97.00 399.00
97.00 398.00
98.00 398.00
98.00 397.00
99.00 397.00
99.00 396.00
100.00 396.00
100.00 395.00
101.00 395.00
101.00 394.00
102.00 394.00
102.00 393.00
103.00 392.00
103.00 392.00
104.00 391.00
104.00 391.00
105.00 390.00
105.00 390.00
106.00 389.00
106.00 388.00
107.00 388.00
108.00 387.00
108.00 387.00
109.00 386.00
110.00 385.00
110.00 385.00
111.00 384.00
111.00 383.00
112.00 383.00
113.00 382.00
113.00 381.00
114.00 381.00
115.00 380.00
116.00 379.00
116.00 378.00
117.00 378.00
118.00 377.00
119.00 376.00
119.00 375.00
120.00 375.00
121.00 374.00
122.00 373.00
122.00 372.00
123.00 371.00
124.00 371.00
125.00 370.00
126.00 369.00
127.00 368.00
128.00 367.00
128.00 366.00
129.00 365.00
130.00 365.00
131.00 364.00
132.00 363.00
133.00 362.00
134.00 361.00
135.00 360.00
136.00 359.00
137.00 358.00
138.00 357.00
139.00 356.00
140.00 355.00
141.00 354.00
142.00 353.00
144.00 352.00
145.00 351.00
146.00 350.00
147.00 349.00
148.00 348.00
149.00 346.00
151.00 345.00
152.00 344.00
153.00 343.00
153.00 343.00
153.00 343.00
152.00 343.00
152.00 344.00
152.00 344.00
152.00 344.00
152.00 344.00
152.00 344.00
152.00 344.00
151.00 344.00
151.00 345.00
151.00 345.00
151.00 345.00
151.00 345.00
151.00 345.00
151.00 345.00
150.00 345.00
150.00 345.00
150.00 346.00
150.00 346.00
150.00 346.00
150.00 346.00
150.00 346.00
150.00 346.00
149.00 346.00
149.00 346.00
149.00 346.00
149.00 346.00
149.00 346.00
149.00 347.00
149.00 347.00
149.00 347.00
149.00 347.00
149.00 347.00
149.00 347.00
149.00 347.00
148.00 347.00
148.00 347.00
148.00 347.00
148.00 347.00
148.00 347.00
148.00 347.00
148.00 347.00
148.00 347.00
148.00 347.00
148.00 347.00
148.00 347.00
148.00 348.00
148.00 348.00
148.00 348.00
148.00 348.00
148.00 348.00
148.00 348.00
148.00 348.00
148.00 348.00
148.00 348.00
148.00 348.00
148.00 348.00
148.00 348.00
148.00 348.00
148.00 348.00
