193.00 317.00
193.00 317.00
193.00 317.00
194.00 316.00
194.00 316.00
194.00 316.00
194.00 316.00
194.00 316.00
194.00 316.00
194.00 316.00
194.00 316.00
194.00 316.00
194.00 316.00
194.00 316.00
194.00 316.00
194.00 316.00
194.00 316.00
194.00 316.00
194.00 316.00
194.00 316.00
194.00 316.00
195.00 315.00
195.00 315.00
195.00 315.00
195.00 315.00
195.00 315.00
195.00 315.00
195.00 315.00
193.00 316.00
192.00 318.00
191.00 319.00
189.00 321.00
188.00 322.00
186.00 324.00
185.00 325.00
183.00 327.00
182.00 328.00
181.00 329.00
179.00 331.00
178.00 332.00
176.00 333.00
175.00 335.00
174.00 336.00
173.00 337.00
171.00 338.00
170.00 340.00
169.00 341.00
167.00 342.00
166.00 343.00
165.00 345.00
164.00 346.00
163.00 347.00
161.00 348.00
160.00 349.00
159.00 350.00
158.00 352.00
157.00 353.00
156.00 354.00
155.00 355.00
154.00 356.00
153.00 357.00
151.00 358.00
150.00 359.00
149.00 360.00
148.00 361.00
147.00 362.00
146.00 363.00
145.00 364.00
144.00 365.00
143.00 366.00
143.00 367.00
142.00 368.00
141.00 369.00
140.00 370.00
139.00 371.00
138.00 371.00
137.00 372.00
136.00 373.00
135.00 374.00
135.00 375.00
134.00 376.00
133.00 376.00
132.00 377.00
131.00 378.00
131.00 379.00
130.00 380.00
129.00 380.00
128.00 381.00
127.00 382.00
127.00 383.00
126.00 383.00
125.00 384.00
125.00 385.00
124.00 385.00
123.00 386.00
123.00 387.00
122.00 387.00
121.00 388.00
121.00 389.00
120.00 389.00
119.00 390.00
119.00 391.00
118.00 391.00
117.00 392.00
117.00 393.00
116.00 393.00
116.00 394.00
115.00 394.00
114.00 395.00
114.00 395.00
113.00 396.00
113.00 397.00
112.00 397.00
112.00 398.00
111.00 398.00
111.00 399.00
110.00 399.00
110.00 400.00
109.00 400.00
109.00 401.00
108.00 401.00
108.00 402.00
107.00 402.00
107.00 403.00
106.00 403.00
106.00 403.00
105.00 404.00
105.00 404.00
105.00 405.00
104.00 405.00
104.00 406.00
103.00 406.00
103.00 406.00
102.00 407.00
102.00 407.00
102.00 408.00
101.00 408.00
101.00 408.00
101.00 409.00
100.00 409.00
100.00 410.00
99.00 410.00
99.00 410.00
99.00 411.00
98.00 411.00
98.00 411.00
98.00 412.00
97.00 412.00
97.00 412.00
97.00 413.00
96.00 413.00
96.00 413.00
96.00 414.00
95.00 414.00
95.00 414.00
95.00 415.00
95.00 415.00
94.00 415.00
94.00 415.00
94.00 416.00
93.00 416.00
93.00 416.00
93.00 416.00
93.00 417.00
92.00 417.00
92.00 417.00
92.00 418.00
92.00 418.00
91.00 418.00
91.00 418.00
91.00 418.00
91.00 419.00
91.00 419.00
90.00 419.00
90.00 419.00
90.00 420.00
90.00 420.00
89.00 420.00
89.00 420.00
89.00 420.00
89.00 421.00
89.00 421.00
88.00 421.00
88.00 421.00
88.00 421.00
88.00 422.00
88.00 422.00
88.00 422.00
87.00 422.00
87.00 422.00
87.00 422.00
87.00 423.00
87.00 423.00
87.00 423.00
86.00 423.00
86.00 423.00
86.00 423.00
86.00 423.00
86.00 424.00
86.00 424.00
86.00 424.00
85.00 424.00
85.00 424.00
85.00 424.00
85.00 424.00
85.00 424.00
85.00 425.00
85.00 425.00
85.00 425.00
85.00 425.00
84.00 425.00
84.00 425.00
84.00 425.00
84.00 425.00
84.00 425.00
84.00 425.00
84.00 426.00
84.00 426.00
84.00 426.00
84.00 426.00
84.00 426.00
84.00 426.00
83.00 426.00
83.00 426.00
83.00 426.00
83.00 426.00
83.00 426.00
83.00 426.00
83.00 426.00
83.00 426.00
83.00 426.00
83.00 427.00
83.00 427.00
83.00 427.00
83.00 427.00
83.00 427.00
83.00 427.00
83.00 427.00
83.00 427.00
83.00 427.00
83.00 427.00
83.00 427.00
83.00 427.00
83.00 427.00
83.00 427.00
83.00 427.00
83.00 427.00
83.00 427.00
83.00 427.00
83.00 427.00
83.00 427.00
83.00 427.00
83.00 427.00
83.00 427.00
83.00 427.00
83.00 427.00
83.00 427.00
83.00 427.00
83.00 427.00
83.00 427.00
83.00 427.00
83.00 427.00
83.00 427.00
83.00 427.00
83.00 426.00
83.00 426.00
83.00 426.00
83.00 426.00
83.00 426.00
83.00 426.00
83.00 426.00
83.00 426.00
83.00 426.00
84.00 426.00
84.00 426.00
84.00 426.00
84.00 426.00
84.00 426.00
84.00 426.00
84.00 426.00
84.00 425.00
84.00 425.00
84.00 425.00
84.00 425.00
84.00 425.00
85.00 425.00
85.00 425.00
85.00 425.00
85.00 425.00
85.00 425.00
85.00 424.00
85.00 424.00
85.00 424.00
85.00 424.00
86.00 424.00
86.00 424.00
86.00 424.00
86.00 423.00
86.00 423.00
86.00 423.00
86.00 423.00
87.00 423.00
87.00 423.00
87.00 423.00
87.00 422.00
87.00 422.00
87.00 422.00
88.00 422.00
88.00 422.00
88.00 422.00
88.00 421.00
88.00 421.00
88.00 421.00
89.00 421.00
89.00 421.00
89.00 420.00
89.00 420.00
89.00 420.00
90.00 420.00
90.00 420.00
90.00 419.00
90.00 419.00
90.00 419.00
91.00 419.00
91.00 419.00
91.00 418.00
91.00 418.00
92.00 418.00
92.00 418.00
92.00 417.00
92.00 417.00
93.00 417.00
93.00 417.00
93.00 416.00
93.00 416.00
94.00 416.00
94.00 415.00
94.00 415.00
94.00 415.00
95.00 415.00
95.00 414.00
95.00 414.00
96.00 414.00
96.00 413.00
96.00 413.00
97.00 413.00
97.00 412.00
97.00 412.00
98.00 412.00
98.00 411.00
98.00 411.00
99.00 411.00
99.00 410.00
99.00 410.00
100.00 410.00
100.00 409.00
100.00 409.00
101.00 409.00
101.00 408.00
102.00 408.00
102.00 407.00
102.00 407.00
103.00 407.00
103.00 406.00
104.00 406.00
104.00 405.00
104.00 405.00
105.00 404.00
105.00 404.00
106.00 404.00
106.00 403.00
107.00 403.00
107.00 402.00
108.00 402.00
108.00 401.00
108.00 401.00
109.00 400.00
109.00 400.00
110.00 399.00
110.00 399.00
111.00 398.00
112.00 398.00
112.00 397.00
113.00 397.00
113.00 396.00
114.00 396.00
114.00 395.00
115.00 394.00
115.00 394.00
116.00 393.00
117.00 393.00
117.00 392.00
118.00 391.00
118.00 391.00
119.00 390.00
120.00 390.00
120.00 389.00
121.00 388.00
122.00 388.00
122.00 387.00
123.00 386.00
124.00 386.00
124.00 385.00
125.00 384.00
126.00 383.00
126.00 383.00
127.00 382.00
128.00 381.00
129.00 381.00
129.00 380.00
130.00 379.00
131.00 378.00
132.00 377.00
133.00 377.00
133.00 376.00
134.00 375.00
135.00 374.00
136.00 373.00
137.00 372.00
138.00 372.00
138.00 371.00
139.00 370.00
140.00 369.00
141.00 368.00
142.00 367.00
143.00 366.00
144.00 365.00
145.00 364.00
146.00 363.00
147.00 362.00
148.00 361.00
149.00 360.00
150.00 359.00
151.00 358.00
152.00 357.00
153.00 356.00
154.00 355.00
155.00 354.00
156.00 353.00
157.00 352.00
159.00 351.00
160.00 350.00
161.00 348.00
162.00 347.00
163.00 346.00
164.00 345.00
166.00 344.00
167.00 342.00
168.00 341.00
169.00 340.00
171.00 339.00
172.00 337.00
173.00 336.00
175.00 335.00
176.00 334.00
177.00 332.00
179.00 331.00
180.00 330.00
181.00 328.00
183.00 327.00
184.00 325.00
186.00 324.00
187.00 323.00
188.00 321.00
190.00 320.00
191.00 318.00
193.00 317.00
194.00 315.00
196.00 314.00
197.00 312.00
199.00 311.00
200.00 309.00
202.00 308.00
204.00 306.00
205.00 305.00
207.00 303.00
208.00 301.00
210.00 300.00
212.00 298.00
213.00 297.00
215.00 295.00
215.00 295.00
215.00 295.00
215.00 295.00
215.00 295.00
215.00 295.00
215.00 295.00
215.00 295.00
215.00 295.00
215.00 295.00
215.00 295.00
215.00 295.00
215.00 295.00
215.00 295.00
215.00 295.00
215.00 295.00
215.00 295.00
215.00 295.00
215.00 295.00
215.00 295.00
215.00 295.00
215.00 295.00
215.00 295.00
215.00 295.00
215.00 295.00
215.00 295.00
215.00 295.00
215.00 295.00
215.00 295.00
215.00 295.00
215.00 295.00
215.00 295.00
215.00 295.00
215.00 295.00
215.00 295.00
215.00 295.00
215.00 295.00
215.00 295.00
215.00 295.00
215.00 295.00
215.00 295.00
215.00 295.00
215.00 295.00
215.00 295.00
215.00 295.00
215.00 295.00
215.00 295.00
215.00 295.00
215.00 295.00
215.00 295.00
215.00 295.00
215.00 295.00
215.00 295.00
215.00 295.00
215.00 295.00
215.00 294.00
216.00 294.00
216.00 294.00
216.00 294.00
216.00 294.00
216.00 294.00
216.00 294.00
216.00 294.00
216.00 294.00
216.00 294.00
216.00 294.00
216.00 294.00
216.00 294.00
216.00 294.00
216.00 294.00
216.00 294.00
216.00 294.00
217.00 293.00
217.00 293.00
217.00 293.00
217.00 293.00
217.00 293.00
217.00 293.00
217.00 293.00
217.00 293.00
217.00 293.00
217.00 293.00
217.00 293.00
217.00 293.00
218.00 292.00
218.00 292.00
218.00 292.00
218.00 292.00
218.00 292.00
218.00 292.00
218.00 292.00
217.00 293.00
217.00 293.00
216.00 294.00
216.00 294.00
215.00 295.00
215.00 295.00
214.00 296.00
214.00 296.00
213.00 297.00
213.00 297.00
212.00 298.00
212.00 298.00
211.00 299.00
211.00 299.00
210.00 300.00
210.00 300.00
209.00 300.00
209.00 301.00
208.00 301.00
208.00 302.00
208.00 302.00
207.00 303.00
207.00 303.00
206.00 304.00
206.00 304.00
205.00 304.00
205.00 305.00
204.00 305.00
204.00 306.00
204.00 306.00
203.00 307.00
203.00 307.00
202.00 307.00
202.00 308.00
202.00 308.00
201.00 309.00
201.00 309.00
200.00 309.00
200.00 310.00
199.00 310.00
199.00 311.00
199.00 311.00
198.00 311.00
198.00 312.00
198.00 312.00
197.00 313.00
197.00 313.00
196.00 313.00
196.00 314.00
196.00 314.00
195.00 314.00
195.00 315.00
194.00 315.00
194.00 316.00
194.00 316.00
193.00 316.00
193.00 317.00
193.00 317.00
192.00 317.00
192.00 318.00
192.00 318.00
191.00 318.00
191.00 319.00
191.00 319.00
190.00 319.00
190.00 320.00
190.00 320.00
189.00 320.00
189.00 321.00
189.00 321.00
188.00 321.00
188.00 322.00
188.00 322.00
187.00 322.00
187.00 322.00
187.00 323.00
187.00 323.00
186.00 323.00
186.00 324.00
186.00 324.00
185.00 324.00
185.00 324.00
185.00 325.00
184.00 325.00
184.00 325.00
184.00 326.00
184.00 326.00
183.00 326.00
183.00 326.00
183.00 327.00
183.00 327.00
182.00 327.00
182.00 327.00
182.00 328.00
182.00 328.00
181.00 328.00
181.00 328.00
181.00 329.00
181.00 329.00
180.00 329.00
180.00 329.00
180.00 330.00
180.00 330.00
179.00 330.00
179.00 330.00
179.00 330.00
179.00 331.00
179.00 331.00
178.00 331.00
178.00 331.00
178.00 332.00
178.00 332.00
178.00 332.00
177.00 332.00
177.00 332.00
177.00 333.00
177.00 333.00
177.00 333.00
176.00 333.00
176.00 333.00
176.00 333.00
176.00 334.00
176.00 334.00
176.00 334.00
175.00 334.00
175.00 334.00
175.00 334.00
175.00 335.00
175.00 335.00
175.00 335.00
174.00 335.00
174.00 335.00
174.00 335.00
174.00 335.00
174.00 336.00
174.00 336.00
174.00 336.00
173.00 336.00
173.00 336.00
173.00 336.00
173.00 336.00
173.00 337.00
173.00 337.00
173.00 337.00
173.00 337.00
172.00 337.00
172.00 337.00
172.00 337.00
172.00 337.00
172.00 337.00
172.00 337.00
172.00 338.00
172.00 338.00
172.00 338.00
172.00 338.00
172.00 338.00
171.00 338.00
171.00 338.00
171.00 338.00
171.00 338.00
171.00 338.00
171.00 338.00
171.00 338.00
171.00 339.00
171.00 339.00
171.00 339.00
171.00 339.00
171.00 339.00
171.00 339.00
171.00 339.00
171.00 339.00
171.00 339.00
171.00 339.00
170.00 339.00
170.00 339.00
170.00 339.00
170.00 339.00
170.00 339.00
170.00 339.00
170.00 339.00
170.00 339.00
170.00 339.00
170.00 339.00
170.00 339.00
170.00 339.00
170.00 339.00
170.00 339.00
170.00 339.00
170.00 339.00
170.00 339.00
170.00 339.00
170.00 339.00
170.00 339.00
170.00 339.00
170.00 339.00
170.00 339.00
170.00 339.00
170.00 339.00
170.00 339.00
171.00 339.00
171.00 339.00
171.00 339.00
171.00 339.00
171.00 339.00
171.00 339.00
171.00 339.00
171.00 339.00
171.00 339.00
171.00 339.00
171.00 339.00
171.00 338.00
171.00 338.00
171.00 338.00
171.00 338.00
171.00 338.00
171.00 338.00
171.00 338.00
172.00 338.00
172.00 338.00
172.00 338.00
172.00 338.00
172.00 338.00
172.00 338.00
172.00 337.00
172.00 337.00
172.00 337.00
172.00 337.00
173.00 337.00
173.00 337.00
173.00 337.00
173.00 337.00
173.00 337.00
173.00 336.00
173.00 336.00
173.00 336.00
173.00 336.00
174.00 336.00
174.00 336.00
174.00 336.00
174.00 336.00
174.00 335.00
174.00 335.00
174.00 335.00
175.00 335.00
175.00 335.00
175.00 335.00
175.00 335.00
175.00 334.00
175.00 334.00
176.00 334.00
176.00 334.00
176.00 334.00
176.00 334.00
176.00 333.00
176.00 333.00
177.00 333.00
177.00 333.00
177.00 333.00
177.00 332.00
177.00 332.00
178.00 332.00
178.00 332.00
178.00 332.00
178.00 331.00
178.00 331.00
179.00 331.00
179.00 331.00
179.00 331.00
179.00 330.00
180.00 330.00
180.00 330.00
180.00 330.00
180.00 329.00
180.00 329.00
181.00 329.00
181.00 329.00
181.00 329.00
181.00 328.00
182.00 328.00
182.00 328.00
182.00 328.00
182.00 327.00
183.00 327.00
183.00 327.00
183.00 327.00
183.00 326.00
184.00 326.00
184.00 326.00
184.00 325.00
185.00 325.00
185.00 325.00
185.00 325.00
185.00 324.00
186.00 324.00
186.00 324.00
186.00 324.00
187.00 323.00
187.00 323.00
187.00 323.00
188.00 322.00
188.00 322.00
188.00 322.00
188.00 321.00
189.00 321.00
189.00 321.00
189.00 320.00
190.00 320.00
190.00 320.00
190.00 319.00
191.00 319.00
191.00 319.00
191.00 318.00
192.00 318.00
192.00 318.00
192.00 317.00
193.00 317.00
193.00 317.00
194.00 316.00
194.00 316.00
194.00 316.00
195.00 315.00
195.00 315.00
195.00 315.00
194.00 316.00
194.00 316.00
194.00 316.00
193.00 317.00
193.00 317.00
193.00 317.00
193.00 317.00
192.00 318.00
192.00 318.00
192.00 318.00
191.00 319.00
191.00 319.00
191.00 319.00
191.00 319.00
190.00 320.00
190.00 320.00
190.00 320.00
189.00 320.00
189.00 321.00
189.00 321.00
189.00 321.00
188.00 322.00
188.00 322.00
188.00 322.00
188.00 322.00
187.00 323.00
187.00 323.00
187.00 323.00
187.00 323.00
186.00 323.00
186.00 324.00
186.00 324.00
186.00 324.00
186.00 324.00
185.00 325.00
185.00 325.00
185.00 325.00
185.00 325.00
184.00 325.00
184.00 326.00
184.00 326.00
184.00 326.00
184.00 326.00
183.00 327.00
183.00 327.00
183.00 327.00
183.00 327.00
183.00 327.00
182.00 327.00
182.00 328.00
182.00 328.00
182.00 328.00
182.00 328.00
182.00 328.00
181.00 329.00
181.00 329.00
181.00 329.00
181.00 329.00
181.00 329.00
181.00 329.00
180.00 330.00
180.00 330.00
180.00 330.00
180.00 330.00
180.00 330.00
180.00 330.00
180.00 330.00
179.00 331.00
179.00 331.00
179.00 331.00
179.00 331.00
179.00 331.00
179.00 331.00
179.00 331.00
179.00 331.00
178.00 332.00
178.00 332.00
178.00 332.00
178.00 332.00
178.00 332.00
180.00 330.00
181.00 329.00
183.00 327.00
185.00 325.00
187.00 323.00
188.00 322.00
190.00 320.00
192.00 318.00
194.00 316.00
194.00 316.00
194.00 316.00
194.00 316.00
194.00 316.00
194.00 316.00
194.00 316.00
194.00 316.00
194.00 316.00
194.00 316.00
194.00 316.00
193.00 317.00
193.00 317.00
193.00 317.00
193.00 317.00
193.00 317.00
193.00 317.00
193.00 317.00
193.00 317.00
193.00 317.00
193.00 317.00
193.00 317.00
193.00 317.00
193.00 317.00
193.00 317.00
193.00 317.00
193.00 317.00
193.00 317.00
193.00 317.00
193.00 317.00
193.00 317.00
193.00 317.00
193.00 317.00
193.00 317.00
193.00 317.00
193.00 317.00
193.00 317.00
193.00 317.00
193.00 317.00
193.00 317.00
193.00 317.00
193.00 317.00
