83.00 403.00
83.00 403.00
83.00 403.00
83.00 403.00
83.00 403.00
83.00 403.00
83.00 403.00
83.00 403.00
83.00 403.00
84.00 403.00
84.00 403.00
84.00 402.00
84.00 402.00
84.00 402.00
84.00 402.00
84.00 402.00
84.00 402.00
84.00 402.00
84.00 402.00
84.00 402.00
84.00 402.00
84.00 402.00
84.00 402.00
84.00 402.00
84.00 402.00
84.00 402.00
84.00 401.00
85.00 401.00
85.00 401.00
85.00 401.00
85.00 401.00
85.00 401.00
85.00 401.00
85.00 401.00
85.00 401.00
85.00 401.00
85.00 400.00
85.00 400.00
86.00 400.00
86.00 400.00
86.00 400.00
86.00 400.00
86.00 400.00
86.00 399.00
86.00 399.00
86.00 399.00
87.00 399.00
87.00 399.00
87.00 399.00
87.00 399.00
87.00 398.00
87.00 398.00
87.00 398.00
88.00 398.00
88.00 398.00
88.00 398.00
88.00 397.00
88.00 397.00
88.00 397.00
89.00 397.00
89.00 397.00
89.00 396.00
89.00 396.00
89.00 396.00
90.00 396.00
90.00 395.00
90.00 395.00
90.00 395.00
90.00 395.00
91.00 395.00
91.00 394.00
91.00 394.00
91.00 394.00
92.00 394.00
92.00 393.00
92.00 393.00
92.00 393.00
92.00 393.00
93.00 392.00
93.00 392.00
93.00 392.00
93.00 391.00
94.00 391.00
94.00 391.00
94.00 391.00
95.00 390.00
95.00 390.00
95.00 390.00
95.00 389.00
96.00 389.00
96.00 389.00
96.00 388.00
97.00 388.00
97.00 388.00
97.00 387.00
98.00 387.00
98.00 387.00
98.00 386.00
99.00 386.00
99.00 386.00
99.00 385.00
100.00 385.00
100.00 385.00
100.00 384.00
101.00 384.00
101.00 383.00
101.00 383.00
102.00 383.00
102.00 382.00
103.00 382.00
103.00 381.00
103.00 381.00
104.00 380.00
104.00 380.00
105.00 380.00
105.00 379.00
105.00 379.00
106.00 378.00
106.00 378.00
107.00 377.00
107.00 377.00
108.00 376.00
108.00 376.00
109.00 375.00
109.00 375.00
110.00 374.00
110.00 374.00
111.00 373.00
111.00 373.00
112.00 372.00
112.00 372.00
113.00 371.00
113.00 371.00
114.00 370.00
114.00 370.00
115.00 369.00
115.00 369.00
116.00 368.00
116.00 368.00
115.00 369.00
115.00 369.00
114.00 370.00
114.00 370.00
114.00 370.00
113.00 371.00
113.00 371.00
112.00 372.00
112.00 372.00
112.00 372.00
111.00 373.00
111.00 373.00
111.00 373.00
110.00 374.00
110.00 374.00
110.00 374.00
109.00 375.00
109.00 375.00
109.00 375.00
108.00 376.00
108.00 376.00
108.00 376.00
107.00 377.00
107.00 377.00
107.00 377.00
106.00 378.00
106.00 378.00
106.00 378.00
106.00 379.00
105.00 379.00
105.00 379.00
105.00 379.00
104.00 380.00
104.00 380.00
104.00 380.00
104.00 380.00
103.00 381.00
103.00 381.00
103.00 381.00
103.00 382.00
102.00 382.00
102.00 382.00
102.00 382.00
102.00 382.00
102.00 383.00
101.00 383.00
101.00 383.00
101.00 383.00
101.00 384.00
101.00 384.00
100.00 384.00
100.00 384.00
100.00 384.00
100.00 385.00
100.00 385.00
99.00 385.00
99.00 385.00
99.00 385.00
99.00 386.00
99.00 386.00
99.00 386.00
98.00 386.00
98.00 386.00
98.00 386.00
98.00 387.00
98.00 387.00
98.00 387.00
98.00 387.00
97.00 387.00
97.00 387.00
97.00 387.00
97.00 388.00
97.00 388.00
97.00 388.00
97.00 388.00
97.00 388.00
96.00 388.00
96.00 388.00
96.00 388.00
96.00 388.00
96.00 389.00
96.00 389.00
96.00 389.00
96.00 389.00
96.00 389.00
96.00 389.00
95.00 389.00
95.00 389.00
95.00 389.00
95.00 389.00
95.00 389.00
95.00 390.00
95.00 390.00
95.00 390.00
95.00 390.00
95.00 390.00
95.00 390.00
95.00 390.00
95.00 390.00
95.00 390.00
95.00 390.00
95.00 390.00
95.00 390.00
95.00 390.00
95.00 390.00
94.00 390.00
94.00 390.00
94.00 390.00
94.00 390.00
94.00 390.00
94.00 390.00
94.00 390.00
94.00 390.00
94.00 390.00
94.00 390.00
94.00 390.00
94.00 390.00
94.00 390.00
94.00 390.00
94.00 390.00
94.00 390.00
94.00 390.00
94.00 390.00
95.00 390.00
95.00 390.00
95.00 390.00
95.00 390.00
95.00 390.00
95.00 390.00
95.00 390.00
95.00 390.00
95.00 390.00
95.00 390.00
95.00 390.00
95.00 390.00
95.00 390.00
95.00 390.00
95.00 389.00
95.00 389.00
95.00 389.00
95.00 389.00
95.00 389.00
96.00 389.00
96.00 389.00
96.00 389.00
96.00 389.00
96.00 389.00
96.00 389.00
96.00 388.00
96.00 388.00
96.00 388.00
96.00 388.00
96.00 388.00
97.00 388.00
97.00 388.00
97.00 388.00
97.00 388.00
97.00 387.00
97.00 387.00
97.00 387.00
97.00 387.00
98.00 387.00
98.00 387.00
98.00 386.00
98.00 386.00
98.00 386.00
98.00 386.00
99.00 386.00
99.00 386.00
99.00 385.00
99.00 385.00
99.00 385.00
99.00 385.00
100.00 385.00
100.00 385.00
100.00 384.00
100.00 384.00
100.00 384.00
100.00 384.00
101.00 384.00
101.00 383.00
101.00 383.00
101.00 383.00
101.00 383.00
102.00 382.00
102.00 382.00
102.00 382.00
102.00 382.00
103.00 381.00
103.00 381.00
103.00 381.00
103.00 381.00
104.00 380.00
104.00 380.00
104.00 380.00
104.00 380.00
105.00 379.00
105.00 379.00
105.00 379.00
105.00 379.00
106.00 378.00
106.00 378.00
106.00 378.00
107.00 377.00
107.00 377.00
107.00 377.00
107.00 376.00
108.00 376.00
108.00 376.00
108.00 375.00
109.00 375.00
109.00 375.00
109.00 374.00
110.00 374.00
110.00 374.00
110.00 373.00
111.00 373.00
111.00 373.00
112.00 372.00
112.00 372.00
112.00 372.00
113.00 371.00
113.00 371.00
113.00 370.00
114.00 370.00
114.00 370.00
115.00 369.00
115.00 369.00
115.00 368.00
116.00 368.00
116.00 368.00
117.00 367.00
117.00 367.00
118.00 366.00
118.00 366.00
118.00 365.00
119.00 365.00
119.00 364.00
120.00 364.00
120.00 363.00
121.00 363.00
121.00 363.00
122.00 362.00
122.00 362.00
123.00 361.00
123.00 361.00
124.00 360.00
124.00 360.00
125.00 359.00
126.00 359.00
126.00 358.00
127.00 357.00
127.00 357.00
128.00 356.00
128.00 356.00
129.00 355.00
130.00 355.00
130.00 354.00
131.00 354.00
131.00 353.00
132.00 352.00
133.00 352.00
133.00 351.00
134.00 351.00
135.00 350.00
135.00 349.00
136.00 349.00
137.00 348.00
137.00 348.00
138.00 347.00
139.00 346.00
139.00 346.00
140.00 345.00
141.00 344.00
142.00 344.00
142.00 343.00
143.00 342.00
144.00 342.00
145.00 341.00
145.00 340.00
146.00 340.00
147.00 339.00
148.00 338.00
149.00 337.00
149.00 337.00
150.00 336.00
151.00 335.00
152.00 335.00
153.00 334.00
154.00 333.00
155.00 332.00
155.00 331.00
156.00 331.00
157.00 330.00
158.00 329.00
159.00 328.00
160.00 328.00
161.00 327.00
162.00 326.00
163.00 325.00
164.00 324.00
165.00 323.00
166.00 323.00
167.00 322.00
168.00 321.00
169.00 320.00
170.00 319.00
171.00 318.00
172.00 318.00
173.00 317.00
174.00 316.00
175.00 315.00
177.00 314.00
178.00 313.00
179.00 312.00
180.00 311.00
181.00 310.00
182.00 309.00
183.00 309.00
185.00 308.00
186.00 307.00
187.00 306.00
188.00 305.00
189.00 304.00
191.00 303.00
192.00 302.00
193.00 301.00
194.00 300.00
196.00 299.00
197.00 298.00
197.00 298.00
197.00 298.00
197.00 298.00
197.00 298.00
197.00 298.00
197.00 298.00
197.00 298.00
197.00 298.00
196.00 298.00
196.00 299.00
196.00 299.00
196.00 299.00
196.00 299.00
196.00 299.00
196.00 299.00
196.00 299.00
196.00 299.00
196.00 299.00
196.00 299.00
196.00 299.00
196.00 299.00
196.00 299.00
196.00 299.00
196.00 299.00
196.00 299.00
196.00 299.00
196.00 299.00
196.00 299.00
196.00 299.00
196.00 299.00
196.00 299.00
196.00 299.00
196.00 299.00
196.00 299.00
196.00 299.00
196.00 299.00
196.00 299.00
196.00 299.00
196.00 299.00
196.00 299.00
196.00 299.00
196.00 299.00
196.00 299.00
196.00 299.00
196.00 299.00
196.00 299.00
196.00 299.00
196.00 299.00
196.00 299.00
191.00 303.00
186.00 306.00
182.00 310.00
177.00 314.00
173.00 317.00
173.00 317.00
173.00 317.00
173.00 317.00
173.00 317.00
173.00 317.00
173.00 317.00
173.00 317.00
173.00 317.00
174.00 317.00
174.00 317.00
174.00 316.00
174.00 316.00
174.00 316.00
174.00 316.00
174.00 316.00
174.00 316.00
174.00 316.00
174.00 316.00
174.00 316.00
174.00 316.00
175.00 316.00
175.00 316.00
175.00 316.00
175.00 316.00
175.00 315.00
175.00 315.00
175.00 315.00
175.00 315.00
175.00 315.00
176.00 315.00
176.00 315.00
176.00 315.00
176.00 315.00
176.00 315.00
176.00 314.00
176.00 314.00
177.00 314.00
177.00 314.00
177.00 314.00
177.00 314.00
177.00 314.00
177.00 314.00
177.00 314.00
178.00 313.00
178.00 313.00
178.00 313.00
178.00 313.00
178.00 313.00
178.00 313.00
179.00 313.00
179.00 312.00
179.00 312.00
179.00 312.00
179.00 312.00
180.00 312.00
180.00 312.00
180.00 312.00
180.00 311.00
180.00 311.00
181.00 311.00
181.00 311.00
181.00 311.00
181.00 311.00
181.00 310.00
182.00 310.00
182.00 310.00
182.00 310.00
182.00 310.00
183.00 310.00
183.00 309.00
183.00 309.00
183.00 309.00
183.00 309.00
184.00 309.00
184.00 308.00
184.00 308.00
184.00 308.00
185.00 308.00
185.00 308.00
185.00 307.00
186.00 307.00
186.00 307.00
186.00 307.00
186.00 307.00
187.00 306.00
187.00 306.00
187.00 306.00
187.00 306.00
188.00 306.00
188.00 305.00
188.00 305.00
189.00 305.00
189.00 305.00
189.00 304.00
189.00 304.00
190.00 304.00
190.00 304.00
190.00 303.00
191.00 303.00
191.00 303.00
191.00 303.00
190.00 304.00
190.00 304.00
189.00 304.00
189.00 305.00
188.00 305.00
188.00 305.00
188.00 306.00
187.00 306.00
187.00 306.00
187.00 307.00
186.00 307.00
186.00 307.00
185.00 307.00
185.00 308.00
185.00 308.00
184.00 308.00
184.00 309.00
183.00 309.00
183.00 309.00
183.00 309.00
182.00 310.00
182.00 310.00
182.00 310.00
181.00 311.00
181.00 311.00
181.00 311.00
180.00 311.00
180.00 312.00
180.00 312.00
179.00 312.00
179.00 312.00
179.00 313.00
178.00 313.00
178.00 313.00
178.00 313.00
177.00 314.00
177.00 314.00
177.00 314.00
176.00 314.00
176.00 315.00
176.00 315.00
176.00 315.00
175.00 315.00
175.00 316.00
175.00 316.00
174.00 316.00
174.00 316.00
174.00 317.00
174.00 317.00
173.00 317.00
173.00 317.00
173.00 317.00
173.00 318.00
172.00 318.00
172.00 318.00
172.00 318.00
172.00 318.00
171.00 319.00
171.00 319.00
171.00 319.00
171.00 319.00
170.00 319.00
170.00 320.00
170.00 320.00
170.00 320.00
169.00 320.00
169.00 320.00
169.00 320.00
169.00 321.00
169.00 321.00
168.00 321.00
168.00 321.00
168.00 321.00
168.00 321.00
168.00 322.00
167.00 322.00
167.00 322.00
167.00 322.00
167.00 322.00
167.00 322.00
167.00 323.00
166.00 323.00
166.00 323.00
166.00 323.00
166.00 323.00
166.00 323.00
166.00 323.00
165.00 323.00
165.00 324.00
165.00 324.00
165.00 324.00
165.00 324.00
165.00 324.00
165.00 324.00
164.00 324.00
164.00 324.00
164.00 325.00
164.00 325.00
164.00 325.00
164.00 325.00
164.00 325.00
164.00 325.00
163.00 325.00
163.00 325.00
163.00 325.00
163.00 325.00
163.00 325.00
163.00 326.00
163.00 326.00
163.00 326.00
163.00 326.00
163.00 326.00
162.00 326.00
162.00 326.00
162.00 326.00
162.00 326.00
162.00 326.00
162.00 326.00
162.00 326.00
162.00 326.00
162.00 326.00
162.00 326.00
162.00 326.00
162.00 327.00
162.00 327.00
162.00 327.00
162.00 327.00
162.00 327.00
162.00 327.00
162.00 327.00
162.00 327.00
161.00 327.00
161.00 327.00
161.00 327.00
161.00 327.00
161.00 327.00
161.00 327.00
161.00 327.00
161.00 327.00
161.00 327.00
161.00 327.00
161.00 327.00
161.00 327.00
161.00 327.00
161.00 327.00
161.00 327.00
161.00 327.00
161.00 327.00
161.00 327.00
161.00 327.00
161.00 327.00
161.00 327.00
162.00 327.00
162.00 327.00
162.00 327.00
162.00 327.00
162.00 327.00
162.00 327.00
162.00 327.00
162.00 326.00
162.00 326.00
162.00 326.00
162.00 326.00
162.00 326.00
162.00 326.00
162.00 326.00
162.00 326.00
162.00 326.00
162.00 326.00
162.00 326.00
163.00 326.00
163.00 326.00
163.00 326.00
163.00 326.00
163.00 326.00
163.00 325.00
163.00 325.00
163.00 325.00
163.00 325.00
163.00 325.00
164.00 325.00
164.00 325.00
164.00 325.00
164.00 325.00
164.00 325.00
164.00 325.00
164.00 324.00
164.00 324.00
165.00 324.00
165.00 324.00
165.00 324.00
165.00 324.00
165.00 324.00
165.00 324.00
165.00 324.00
166.00 323.00
166.00 323.00
166.00 323.00
166.00 323.00
165.00 324.00
164.00 325.00
162.00 326.00
161.00 327.00
160.00 328.00
159.00 329.00
158.00 330.00
157.00 331.00
156.00 332.00
155.00 333.00
154.00 334.00
152.00 334.00
151.00 335.00
150.00 336.00
149.00 337.00
148.00 338.00
147.00 339.00
146.00 340.00
145.00 341.00
144.00 341.00
144.00 342.00
143.00 343.00
142.00 344.00
141.00 345.00
140.00 346.00
139.00 346.00
138.00 347.00
137.00 348.00
136.00 349.00
136.00 349.00
135.00 350.00
134.00 351.00
133.00 352.00
132.00 352.00
132.00 353.00
131.00 354.00
130.00 355.00
129.00 355.00
128.00 356.00
128.00 357.00
127.00 357.00
126.00 358.00
126.00 359.00
125.00 359.00
124.00 360.00
123.00 361.00
123.00 361.00
122.00 362.00
121.00 363.00
121.00 363.00
120.00 364.00
120.00 365.00
119.00 365.00
118.00 366.00
118.00 366.00
117.00 367.00
117.00 368.00
116.00 368.00
115.00 369.00
115.00 369.00
114.00 370.00
114.00 370.00
113.00 371.00
113.00 371.00
112.00 372.00
112.00 373.00
111.00 373.00
111.00 374.00
110.00 374.00
110.00 375.00
109.00 375.00
109.00 376.00
108.00 376.00
108.00 377.00
107.00 377.00
107.00 377.00
106.00 378.00
106.00 378.00
105.00 379.00
105.00 379.00
105.00 380.00
104.00 380.00
104.00 381.00
103.00 381.00
103.00 381.00
103.00 382.00
102.00 382.00
102.00 383.00
101.00 383.00
101.00 383.00
101.00 384.00
100.00 384.00
100.00 385.00
100.00 385.00
99.00 385.00
99.00 386.00
99.00 386.00
98.00 386.00
98.00 387.00
98.00 387.00
97.00 387.00
97.00 388.00
97.00 388.00
96.00 388.00
96.00 389.00
96.00 389.00
95.00 389.00
95.00 390.00
95.00 390.00
95.00 390.00
94.00 391.00
94.00 391.00
94.00 391.00
93.00 392.00
93.00 392.00
93.00 392.00
93.00 392.00
92.00 393.00
92.00 393.00
92.00 393.00
92.00 393.00
92.00 394.00
91.00 394.00
91.00 394.00
91.00 394.00
91.00 395.00
90.00 395.00
90.00 395.00
90.00 395.00
90.00 396.00
90.00 396.00
89.00 396.00
89.00 396.00
89.00 396.00
89.00 397.00
89.00 397.00
88.00 397.00
88.00 397.00
88.00 397.00
88.00 398.00
88.00 398.00
88.00 398.00
87.00 398.00
87.00 398.00
87.00 398.00
87.00 399.00
87.00 399.00
87.00 399.00
87.00 399.00
86.00 399.00
86.00 399.00
86.00 400.00
86.00 400.00
86.00 400.00
86.00 400.00
86.00 400.00
86.00 400.00
85.00 400.00
85.00 400.00
85.00 401.00
85.00 401.00
85.00 401.00
85.00 401.00
85.00 401.00
85.00 401.00
85.00 401.00
85.00 401.00
85.00 401.00
84.00 401.00
84.00 402.00
84.00 402.00
84.00 402.00
84.00 402.00
84.00 402.00
84.00 402.00
84.00 402.00
84.00 402.00
84.00 402.00
84.00 402.00
84.00 402.00
84.00 402.00
84.00 402.00
84.00 402.00
84.00 402.00
84.00 403.00
84.00 403.00
83.00 403.00
83.00 403.00
83.00 403.00
83.00 403.00
83.00 403.00
83.00 403.00
83.00 403.00
83.00 403.00
83.00 403.00
83.00 403.00
83.00 403.00
83.00 403.00
83.00 403.00
83.00 403.00
83.00 403.00
