209.00 286.00
209.00 286.00
209.00 286.00
209.00 286.00
209.00 286.00
209.00 286.00
209.00 286.00
209.00 286.00
209.00 286.00
210.00 286.00
210.00 286.00
210.00 286.00
210.00 286.00
210.00 286.00
210.00 286.00
210.00 286.00
210.00 286.00
210.00 286.00
210.00 286.00
210.00 286.00
210.00 286.00
210.00 286.00
210.00 286.00
210.00 286.00
210.00 286.00
210.00 286.00
210.00 286.00
210.00 286.00
210.00 285.00
210.00 285.00
210.00 285.00
211.00 285.00
211.00 285.00
211.00 285.00
211.00 285.00
211.00 285.00
211.00 285.00
211.00 285.00
211.00 285.00
210.00 286.00
209.00 287.00
208.00 287.00
207.00 288.00
206.00 289.00
205.00 289.00
204.00 290.00
203.00 291.00
202.00 292.00
201.00 292.00
200.00 293.00
199.00 294.00
198.00 295.00
197.00 295.00
196.00 296.00
195.00 297.00
194.00 297.00
193.00 298.00
192.00 299.00
191.00 300.00
190.00 300.00
189.00 301.00
188.00 302.00
187.00 302.00
186.00 303.00
185.00 304.00
184.00 304.00
183.00 305.00
183.00 306.00
182.00 306.00
181.00 307.00
180.00 308.00
179.00 308.00
178.00 309.00
177.00 310.00
177.00 310.00
176.00 311.00
175.00 312.00
174.00 312.00
173.00 313.00
172.00 313.00
172.00 314.00
171.00 315.00
170.00 315.00
169.00 316.00
169.00 317.00
168.00 317.00
167.00 318.00
166.00 318.00
166.00 319.00
165.00 319.00
164.00 320.00
163.00 321.00
163.00 321.00
162.00 322.00
161.00 322.00
161.00 323.00
160.00 323.00
159.00 324.00
159.00 325.00
158.00 325.00
157.00 326.00
157.00 326.00
156.00 327.00
155.00 327.00
155.00 328.00
154.00 328.00
153.00 329.00
153.00 329.00
152.00 330.00
152.00 330.00
151.00 331.00
150.00 331.00
150.00 332.00
149.00 332.00
149.00 333.00
148.00 333.00
148.00 334.00
147.00 334.00
146.00 335.00
146.00 335.00
145.00 336.00
145.00 336.00
144.00 337.00
144.00 337.00
143.00 338.00
143.00 338.00
142.00 338.00
142.00 339.00
141.00 339.00
141.00 340.00
140.00 340.00
140.00 341.00
139.00 341.00
139.00 341.00
138.00 342.00
138.00 342.00
138.00 343.00
137.00 343.00
137.00 343.00
136.00 344.00
136.00 344.00
135.00 345.00
135.00 345.00
135.00 345.00
134.00 346.00
134.00 346.00
133.00 346.00
133.00 347.00
133.00 347.00
132.00 347.00
132.00 348.00
131.00 348.00
131.00 348.00
131.00 349.00
130.00 349.00
130.00 349.00
130.00 350.00
129.00 350.00
129.00 350.00
129.00 351.00
128.00 351.00
128.00 351.00
128.00 352.00
127.00 352.00
127.00 352.00
127.00 353.00
126.00 353.00
126.00 353.00
126.00 353.00
125.00 354.00
125.00 354.00
125.00 354.00
125.00 355.00
124.00 355.00
124.00 355.00
124.00 355.00
124.00 356.00
123.00 356.00
123.00 356.00
123.00 356.00
123.00 357.00
122.00 357.00
122.00 357.00
122.00 357.00
122.00 357.00
121.00 358.00
121.00 358.00
121.00 358.00
121.00 358.00
120.00 359.00
120.00 359.00
120.00 359.00
121.00 358.00
122.00 357.00
124.00 355.00
125.00 354.00
126.00 353.00
128.00 352.00
129.00 351.00
130.00 349.00
132.00 348.00
133.00 347.00
135.00 345.00
136.00 344.00
138.00 343.00
139.00 341.00
141.00 340.00
142.00 338.00
144.00 337.00
146.00 336.00
148.00 334.00
149.00 333.00
151.00 331.00
153.00 330.00
155.00 328.00
156.00 327.00
158.00 325.00
160.00 324.00
162.00 322.00
164.00 320.00
166.00 319.00
168.00 317.00
170.00 315.00
173.00 314.00
175.00 312.00
177.00 310.00
179.00 309.00
181.00 307.00
184.00 305.00
186.00 304.00
188.00 302.00
191.00 300.00
193.00 298.00
196.00 296.00
198.00 295.00
201.00 293.00
203.00 291.00
206.00 289.00
209.00 287.00
211.00 286.00
214.00 284.00
217.00 282.00
219.00 280.00
222.00 278.00
222.00 278.00
222.00 278.00
222.00 278.00
222.00 278.00
222.00 278.00
222.00 278.00
222.00 278.00
222.00 278.00
222.00 278.00
222.00 278.00
222.00 278.00
222.00 278.00
222.00 278.00
222.00 278.00
222.00 278.00
222.00 278.00
222.00 278.00
222.00 278.00
222.00 278.00
222.00 278.00
222.00 278.00
222.00 278.00
222.00 278.00
222.00 278.00
222.00 278.00
222.00 278.00
222.00 278.00
222.00 278.00
222.00 278.00
222.00 278.00
222.00 278.00
222.00 278.00
222.00 278.00
222.00 278.00
222.00 278.00
222.00 278.00
222.00 278.00
222.00 278.00
222.00 277.00
222.00 277.00
222.00 277.00
223.00 277.00
223.00 277.00
223.00 277.00
223.00 277.00
223.00 277.00
223.00 277.00
223.00 277.00
223.00 277.00
223.00 277.00
223.00 277.00
223.00 277.00
223.00 277.00
222.00 277.00
222.00 278.00
221.00 278.00
220.00 279.00
219.00 279.00
219.00 280.00
218.00 280.00
217.00 281.00
217.00 281.00
216.00 282.00
215.00 282.00
215.00 283.00
214.00 283.00
213.00 284.00
213.00 284.00
212.00 285.00
211.00 285.00
211.00 286.00
210.00 286.00
209.00 286.00
209.00 287.00
208.00 287.00
207.00 288.00
207.00 288.00
206.00 289.00
205.00 289.00
205.00 290.00
204.00 290.00
203.00 290.00
203.00 291.00
202.00 291.00
202.00 292.00
201.00 292.00
200.00 293.00
200.00 293.00
199.00 293.00
199.00 294.00
198.00 294.00
197.00 295.00
197.00 295.00
196.00 296.00
196.00 296.00
195.00 296.00
194.00 297.00
194.00 297.00
193.00 298.00
193.00 298.00
192.00 298.00
192.00 299.00
191.00 299.00
191.00 300.00
190.00 300.00
189.00 300.00
189.00 301.00
188.00 301.00
188.00 302.00
187.00 302.00
187.00 302.00
186.00 303.00
186.00 303.00
185.00 304.00
185.00 304.00
184.00 304.00
184.00 305.00
183.00 305.00
183.00 305.00
182.00 306.00
182.00 306.00
181.00 306.00
181.00 307.00
180.00 307.00
180.00 308.00
179.00 308.00
179.00 308.00
179.00 309.00
178.00 309.00
178.00 309.00
177.00 310.00
177.00 310.00
176.00 310.00
176.00 311.00
175.00 311.00
175.00 311.00
175.00 312.00
174.00 312.00
174.00 312.00
173.00 313.00
173.00 313.00
172.00 313.00
172.00 313.00
172.00 314.00
171.00 314.00
171.00 314.00
171.00 315.00
170.00 315.00
170.00 315.00
169.00 316.00
169.00 316.00
169.00 316.00
168.00 316.00
168.00 317.00
168.00 317.00
167.00 317.00
167.00 318.00
167.00 318.00
166.00 318.00
166.00 318.00
165.00 319.00
165.00 319.00
165.00 319.00
164.00 319.00
164.00 320.00
164.00 320.00
164.00 320.00
163.00 320.00
163.00 321.00
163.00 321.00
162.00 321.00
162.00 321.00
162.00 322.00
161.00 322.00
161.00 322.00
161.00 322.00
161.00 323.00
160.00 323.00
160.00 323.00
160.00 323.00
160.00 323.00
159.00 324.00
159.00 324.00
159.00 324.00
158.00 324.00
158.00 324.00
158.00 325.00
158.00 325.00
157.00 325.00
157.00 325.00
157.00 325.00
157.00 326.00
157.00 326.00
156.00 326.00
156.00 326.00
156.00 326.00
156.00 326.00
155.00 327.00
155.00 327.00
155.00 327.00
155.00 327.00
155.00 327.00
154.00 327.00
154.00 328.00
154.00 328.00
154.00 328.00
154.00 328.00
154.00 328.00
153.00 328.00
153.00 328.00
153.00 329.00
153.00 329.00
153.00 329.00
153.00 329.00
152.00 329.00
152.00 329.00
152.00 329.00
152.00 330.00
152.00 330.00
152.00 330.00
152.00 330.00
151.00 330.00
151.00 330.00
151.00 330.00
151.00 330.00
151.00 330.00
151.00 331.00
151.00 331.00
151.00 331.00
150.00 331.00
150.00 331.00
150.00 331.00
150.00 331.00
150.00 331.00
150.00 331.00
150.00 331.00
150.00 331.00
150.00 331.00
150.00 331.00
150.00 332.00
149.00 332.00
149.00 332.00
149.00 332.00
149.00 332.00
149.00 332.00
149.00 332.00
149.00 332.00
149.00 332.00
149.00 332.00
149.00 332.00
149.00 332.00
149.00 332.00
149.00 332.00
149.00 332.00
149.00 332.00
149.00 332.00
149.00 332.00
149.00 332.00
149.00 332.00
149.00 332.00
149.00 332.00
149.00 332.00
149.00 332.00
149.00 332.00
149.00 332.00
149.00 332.00
149.00 332.00
149.00 332.00
149.00 332.00
149.00 332.00
149.00 332.00
149.00 332.00
149.00 332.00
149.00 332.00
149.00 332.00
149.00 332.00
149.00 332.00
149.00 332.00
149.00 332.00
149.00 332.00
149.00 332.00
149.00 332.00
149.00 332.00
149.00 332.00
149.00 332.00
149.00 332.00
149.00 332.00
149.00 332.00
149.00 332.00
149.00 332.00
150.00 332.00
150.00 332.00
150.00 332.00
150.00 331.00
150.00 331.00
150.00 331.00
150.00 331.00
150.00 331.00
150.00 331.00
150.00 331.00
150.00 331.00
151.00 331.00
151.00 331.00
151.00 331.00
151.00 331.00
151.00 330.00
151.00 330.00
151.00 330.00
151.00 330.00
152.00 330.00
152.00 330.00
152.00 330.00
152.00 330.00
152.00 330.00
152.00 329.00
152.00 329.00
153.00 329.00
153.00 329.00
153.00 329.00
153.00 329.00
153.00 329.00
153.00 329.00
154.00 328.00
154.00 328.00
154.00 328.00
154.00 328.00
154.00 328.00
154.00 328.00
155.00 327.00
155.00 327.00
155.00 327.00
155.00 327.00
155.00 327.00
156.00 327.00
156.00 327.00
156.00 326.00
156.00 326.00
156.00 326.00
157.00 326.00
157.00 326.00
157.00 325.00
157.00 325.00
158.00 325.00
158.00 325.00
158.00 325.00
158.00 324.00
159.00 324.00
159.00 324.00
159.00 324.00
159.00 324.00
160.00 323.00
160.00 323.00
160.00 323.00
160.00 323.00
161.00 323.00
161.00 322.00
161.00 322.00
162.00 322.00
162.00 322.00
162.00 321.00
162.00 321.00
163.00 321.00
163.00 321.00
163.00 320.00
164.00 320.00
164.00 320.00
164.00 320.00
165.00 319.00
165.00 319.00
165.00 319.00
166.00 319.00
166.00 318.00
166.00 318.00
167.00 318.00
167.00 318.00
167.00 317.00
168.00 317.00
168.00 317.00
168.00 317.00
169.00 316.00
169.00 316.00
170.00 316.00
170.00 315.00
170.00 315.00
171.00 315.00
171.00 314.00
172.00 314.00
172.00 314.00
172.00 314.00
173.00 313.00
173.00 313.00
174.00 313.00
174.00 312.00
174.00 312.00
175.00 312.00
175.00 311.00
176.00 311.00
176.00 311.00
177.00 310.00
177.00 310.00
177.00 310.00
178.00 309.00
178.00 309.00
179.00 309.00
179.00 308.00
180.00 308.00
180.00 308.00
181.00 307.00
181.00 307.00
182.00 307.00
182.00 306.00
183.00 306.00
183.00 306.00
184.00 305.00
184.00 305.00
185.00 304.00
185.00 304.00
186.00 304.00
186.00 303.00
187.00 303.00
187.00 303.00
188.00 302.00
188.00 302.00
189.00 301.00
189.00 301.00
190.00 301.00
190.00 300.00
191.00 300.00
191.00 299.00
192.00 299.00
193.00 299.00
193.00 298.00
194.00 298.00
194.00 297.00
195.00 297.00
195.00 297.00
196.00 296.00
197.00 296.00
197.00 295.00
198.00 295.00
198.00 294.00
199.00 294.00
200.00 294.00
200.00 293.00
201.00 293.00
201.00 292.00
202.00 292.00
203.00 291.00
203.00 291.00
204.00 291.00
204.00 290.00
205.00 290.00
206.00 289.00
206.00 289.00
207.00 288.00
208.00 288.00
208.00 287.00
209.00 287.00
209.00 287.00
209.00 287.00
209.00 287.00
209.00 287.00
208.00 287.00
208.00 287.00
208.00 288.00
208.00 288.00
208.00 288.00
208.00 288.00
208.00 288.00
208.00 288.00
208.00 288.00
207.00 288.00
207.00 288.00
207.00 288.00
207.00 288.00
207.00 288.00
207.00 288.00
207.00 288.00
207.00 288.00
207.00 288.00
207.00 289.00
207.00 289.00
207.00 289.00
206.00 289.00
206.00 289.00
206.00 289.00
206.00 289.00
206.00 289.00
206.00 289.00
206.00 289.00
206.00 289.00
206.00 289.00
206.00 289.00
206.00 289.00
206.00 289.00
206.00 289.00
206.00 289.00
206.00 289.00
206.00 289.00
205.00 289.00
205.00 289.00
205.00 289.00
205.00 289.00
205.00 289.00
205.00 289.00
205.00 290.00
205.00 290.00
205.00 290.00
205.00 290.00
205.00 290.00
205.00 290.00
205.00 290.00
205.00 290.00
205.00 290.00
205.00 290.00
205.00 290.00
205.00 290.00
205.00 290.00
205.00 290.00
205.00 290.00
205.00 290.00
205.00 290.00
205.00 290.00
205.00 290.00
205.00 290.00
205.00 290.00
205.00 290.00
205.00 290.00
205.00 290.00
205.00 290.00
205.00 290.00
205.00 290.00
205.00 290.00
205.00 290.00
205.00 290.00
205.00 290.00
205.00 290.00
205.00 290.00
205.00 290.00
205.00 290.00
205.00 290.00
205.00 290.00
205.00 289.00
205.00 289.00
205.00 289.00
205.00 289.00
205.00 289.00
205.00 289.00
205.00 289.00
205.00 289.00
205.00 289.00
205.00 289.00
206.00 289.00
206.00 289.00
206.00 289.00
206.00 289.00
206.00 289.00
206.00 289.00
206.00 289.00
206.00 289.00
206.00 289.00
206.00 289.00
206.00 289.00
206.00 289.00
206.00 289.00
206.00 289.00
206.00 289.00
206.00 289.00
207.00 288.00
207.00 288.00
207.00 288.00
207.00 288.00
207.00 288.00
207.00 288.00
207.00 288.00
207.00 288.00
207.00 288.00
207.00 288.00
207.00 288.00
207.00 288.00
208.00 288.00
208.00 288.00
208.00 288.00
208.00 287.00
208.00 287.00
208.00 287.00
208.00 287.00
208.00 287.00
208.00 287.00
209.00 287.00
209.00 287.00
209.00 287.00
209.00 287.00
209.00 287.00
209.00 287.00
209.00 287.00
209.00 286.00
209.00 286.00
210.00 286.00
210.00 286.00
210.00 286.00
210.00 286.00
210.00 286.00
210.00 286.00
210.00 286.00
211.00 286.00
211.00 285.00
211.00 285.00
211.00 285.00
211.00 285.00
211.00 285.00
211.00 285.00
212.00 285.00
212.00 285.00
212.00 285.00
212.00 285.00
212.00 284.00
212.00 284.00
213.00 284.00
213.00 284.00
213.00 284.00
213.00 284.00
213.00 284.00
213.00 284.00
214.00 284.00
214.00 283.00
214.00 283.00
214.00 283.00
214.00 283.00
214.00 283.00
215.00 283.00
215.00 283.00
215.00 283.00
215.00 282.00
215.00 282.00
215.00 282.00
216.00 282.00
216.00 282.00
216.00 282.00
216.00 282.00
216.00 281.00
217.00 281.00
217.00 281.00
217.00 281.00
217.00 281.00
217.00 281.00
218.00 281.00
218.00 280.00
218.00 280.00
218.00 280.00
218.00 280.00
219.00 280.00
219.00 280.00
219.00 280.00
219.00 279.00
220.00 279.00
220.00 279.00
220.00 279.00
220.00 279.00
220.00 279.00
219.00 279.00
219.00 279.00
219.00 280.00
219.00 280.00
219.00 280.00
219.00 280.00
218.00 280.00
218.00 280.00
218.00 280.00
218.00 280.00
218.00 280.00
218.00 281.00
217.00 281.00
217.00 281.00
217.00 281.00
217.00 281.00
217.00 281.00
217.00 281.00
217.00 281.00
216.00 281.00
216.00 282.00
216.00 282.00
216.00 282.00
216.00 282.00
216.00 282.00
216.00 282.00
215.00 282.00
215.00 282.00
215.00 282.00
215.00 282.00
215.00 282.00
215.00 283.00
215.00 283.00
214.00 283.00
214.00 283.00
214.00 283.00
214.00 283.00
214.00 283.00
214.00 283.00
214.00 283.00
214.00 283.00
213.00 283.00
213.00 283.00
213.00 284.00
213.00 284.00
213.00 284.00
213.00 284.00
213.00 284.00
213.00 284.00
213.00 284.00
212.00 284.00
212.00 284.00
212.00 284.00
212.00 284.00
212.00 284.00
212.00 284.00
212.00 284.00
212.00 285.00
212.00 285.00
212.00 285.00
212.00 285.00
211.00 285.00
211.00 285.00
211.00 285.00
211.00 285.00
211.00 285.00
211.00 285.00
211.00 285.00
211.00 285.00
211.00 285.00
211.00 285.00
211.00 285.00
211.00 285.00
211.00 285.00
211.00 285.00
210.00 285.00
210.00 285.00
210.00 286.00
210.00 286.00
210.00 286.00
210.00 286.00
210.00 286.00
210.00 286.00
210.00 286.00
210.00 286.00
210.00 286.00
210.00 286.00
210.00 286.00
210.00 286.00
210.00 286.00
210.00 286.00
210.00 286.00
210.00 286.00
210.00 286.00
210.00 286.00
210.00 286.00
210.00 286.00
209.00 286.00
209.00 286.00
209.00 286.00
209.00 286.00
209.00 286.00
209.00 286.00
209.00 286.00
209.00 286.00
209.00 286.00
209.00 286.00
209.00 286.00
209.00 286.00
209.00 286.00
209.00 286.00
209.00 286.00
209.00 286.00
209.00 286.00
209.00 286.00
209.00 286.00
209.00 286.00
209.00 286.00
209.00 286.00
209.00 286.00
