160.00 362.00
160.00 362.00
160.00 362.00
160.00 362.00
160.00 362.00
160.00 362.00
160.00 362.00
160.00 362.00
160.00 362.00
160.00 361.00
160.00 361.00
160.00 361.00
160.00 361.00
160.00 361.00
160.00 361.00
160.00 361.00
160.00 361.00
160.00 361.00
160.00 361.00
161.00 361.00
161.00 361.00
161.00 361.00
161.00 361.00
161.00 361.00
161.00 361.00
161.00 361.00
161.00 361.00
161.00 361.00
161.00 360.00
161.00 360.00
161.00 360.00
161.00 360.00
161.00 360.00
161.00 360.00
162.00 360.00
162.00 360.00
162.00 360.00
162.00 360.00
162.00 360.00
162.00 359.00
162.00 359.00
162.00 359.00
162.00 359.00
162.00 359.00
163.00 359.00
163.00 359.00
163.00 359.00
163.00 358.00
163.00 358.00
163.00 358.00
163.00 358.00
164.00 358.00
164.00 358.00
164.00 357.00
164.00 357.00
164.00 357.00
164.00 357.00
164.00 357.00
165.00 357.00
165.00 356.00
165.00 356.00
165.00 356.00
165.00 356.00
165.00 356.00
166.00 356.00
166.00 355.00
166.00 355.00
166.00 355.00
166.00 355.00
167.00 355.00
167.00 354.00
167.00 354.00
167.00 354.00
167.00 354.00
168.00 353.00
168.00 353.00
168.00 353.00
168.00 353.00
168.00 353.00
169.00 352.00
169.00 352.00
169.00 352.00
169.00 352.00
170.00 351.00
170.00 351.00
170.00 351.00
170.00 351.00
170.00 350.00
171.00 350.00
171.00 350.00
171.00 349.00
172.00 349.00
172.00 349.00
172.00 349.00
172.00 348.00
173.00 348.00
173.00 348.00
173.00 347.00
173.00 347.00
174.00 347.00
174.00 346.00
174.00 346.00
175.00 346.00
175.00 346.00
175.00 345.00
175.00 345.00
176.00 345.00
176.00 344.00
176.00 344.00
177.00 344.00
177.00 343.00
177.00 343.00
178.00 342.00
178.00 342.00
178.00 342.00
179.00 341.00
179.00 341.00
179.00 341.00
180.00 340.00
180.00 340.00
180.00 339.00
181.00 339.00
181.00 339.00
181.00 338.00
182.00 338.00
182.00 338.00
183.00 337.00
183.00 337.00
183.00 336.00
184.00 336.00
184.00 335.00
184.00 335.00
185.00 335.00
185.00 334.00
186.00 334.00
186.00 333.00
186.00 333.00
187.00 332.00
187.00 332.00
188.00 331.00
188.00 331.00
188.00 331.00
189.00 330.00
189.00 330.00
190.00 329.00
190.00 329.00
191.00 328.00
191.00 328.00
192.00 327.00
192.00 327.00
192.00 326.00
193.00 326.00
193.00 325.00
194.00 325.00
194.00 324.00
195.00 324.00
195.00 323.00
196.00 323.00
196.00 322.00
197.00 322.00
197.00 321.00
198.00 321.00
198.00 320.00
198.00 320.00
198.00 320.00
197.00 321.00
197.00 321.00
197.00 321.00
197.00 321.00
196.00 322.00
196.00 322.00
196.00 322.00
196.00 322.00
196.00 323.00
195.00 323.00
195.00 323.00
195.00 323.00
195.00 323.00
195.00 324.00
194.00 324.00
194.00 324.00
194.00 324.00
194.00 324.00
194.00 325.00
194.00 325.00
193.00 325.00
193.00 325.00
193.00 325.00
193.00 326.00
193.00 326.00
193.00 326.00
192.00 326.00
192.00 326.00
192.00 327.00
192.00 327.00
192.00 327.00
192.00 327.00
191.00 327.00
191.00 327.00
191.00 328.00
191.00 328.00
191.00 328.00
191.00 328.00
191.00 328.00
191.00 328.00
190.00 328.00
190.00 329.00
190.00 329.00
190.00 329.00
190.00 329.00
190.00 329.00
190.00 329.00
190.00 329.00
189.00 329.00
189.00 330.00
189.00 330.00
189.00 330.00
189.00 330.00
189.00 330.00
189.00 330.00
189.00 330.00
189.00 330.00
189.00 330.00
188.00 331.00
188.00 331.00
188.00 331.00
188.00 331.00
188.00 331.00
188.00 331.00
188.00 331.00
188.00 331.00
188.00 331.00
188.00 331.00
188.00 331.00
188.00 331.00
188.00 332.00
188.00 332.00
187.00 332.00
187.00 332.00
187.00 332.00
187.00 332.00
187.00 332.00
187.00 332.00
187.00 332.00
187.00 332.00
187.00 332.00
187.00 332.00
187.00 332.00
187.00 332.00
187.00 332.00
187.00 332.00
187.00 332.00
187.00 332.00
187.00 332.00
187.00 332.00
187.00 332.00
187.00 332.00
187.00 332.00
187.00 332.00
187.00 332.00
187.00 332.00
187.00 332.00
187.00 332.00
187.00 332.00
187.00 332.00
187.00 332.00
187.00 332.00
187.00 332.00
187.00 332.00
187.00 332.00
187.00 332.00
187.00 332.00
187.00 332.00
187.00 332.00
187.00 332.00
187.00 332.00
187.00 332.00
187.00 332.00
187.00 332.00
187.00 332.00
187.00 332.00
187.00 332.00
187.00 332.00
187.00 332.00
187.00 332.00
187.00 332.00
188.00 332.00
188.00 332.00
188.00 332.00
188.00 332.00
188.00 331.00
188.00 331.00
188.00 331.00
188.00 331.00
188.00 331.00
188.00 331.00
188.00 331.00
188.00 331.00
188.00 331.00
188.00 331.00
189.00 331.00
189.00 331.00
189.00 330.00
189.00 330.00
189.00 330.00
189.00 330.00
189.00 330.00
189.00 330.00
189.00 330.00
189.00 330.00
190.00 330.00
190.00 329.00
190.00 329.00
190.00 329.00
190.00 329.00
190.00 329.00
190.00 329.00
190.00 329.00
191.00 329.00
191.00 328.00
191.00 328.00
191.00 328.00
191.00 328.00
191.00 328.00
191.00 328.00
192.00 327.00
192.00 327.00
192.00 327.00
192.00 327.00
192.00 327.00
192.00 327.00
192.00 326.00
193.00 326.00
193.00 326.00
193.00 326.00
193.00 326.00
193.00 326.00
193.00 325.00
194.00 325.00
194.00 325.00
194.00 325.00
194.00 325.00
194.00 324.00
195.00 324.00
195.00 324.00
195.00 324.00
195.00 324.00
195.00 323.00
196.00 323.00
196.00 323.00
196.00 323.00
196.00 323.00
196.00 322.00
197.00 322.00
197.00 322.00
197.00 322.00
197.00 321.00
197.00 321.00
198.00 321.00
198.00 321.00
198.00 320.00
198.00 320.00
199.00 320.00
199.00 320.00
199.00 319.00
199.00 319.00
199.00 319.00
200.00 319.00
200.00 318.00
200.00 318.00
200.00 318.00
201.00 318.00
201.00 317.00
201.00 317.00
201.00 317.00
202.00 316.00
202.00 316.00
202.00 316.00
202.00 316.00
203.00 315.00
203.00 315.00
203.00 315.00
202.00 316.00
202.00 316.00
202.00 316.00
201.00 317.00
201.00 317.00
201.00 318.00
200.00 318.00
200.00 318.00
200.00 319.00
200.00 319.00
199.00 319.00
199.00 320.00
199.00 320.00
198.00 320.00
198.00 321.00
198.00 321.00
197.00 321.00
197.00 321.00
197.00 322.00
197.00 322.00
196.00 322.00
196.00 323.00
196.00 323.00
195.00 323.00
195.00 324.00
195.00 324.00
195.00 324.00
194.00 325.00
194.00 325.00
194.00 325.00
194.00 325.00
193.00 326.00
193.00 326.00
193.00 326.00
193.00 326.00
192.00 327.00
192.00 327.00
192.00 327.00
192.00 328.00
191.00 328.00
191.00 328.00
191.00 328.00
191.00 329.00
191.00 329.00
190.00 329.00
190.00 329.00
190.00 329.00
190.00 330.00
189.00 330.00
189.00 330.00
189.00 330.00
189.00 331.00
189.00 331.00
188.00 331.00
188.00 331.00
188.00 331.00
188.00 332.00
188.00 332.00
187.00 332.00
187.00 332.00
187.00 333.00
187.00 333.00
187.00 333.00
187.00 333.00
186.00 333.00
186.00 333.00
186.00 334.00
186.00 334.00
186.00 334.00
186.00 334.00
185.00 334.00
185.00 335.00
185.00 335.00
185.00 335.00
185.00 335.00
185.00 335.00
185.00 335.00
184.00 335.00
184.00 336.00
184.00 336.00
184.00 336.00
184.00 336.00
184.00 336.00
184.00 336.00
184.00 336.00
183.00 337.00
183.00 337.00
183.00 337.00
183.00 337.00
183.00 337.00
183.00 337.00
183.00 337.00
183.00 337.00
183.00 338.00
182.00 338.00
182.00 338.00
182.00 338.00
182.00 338.00
182.00 338.00
182.00 338.00
182.00 338.00
182.00 338.00
182.00 338.00
182.00 339.00
182.00 339.00
181.00 339.00
181.00 339.00
181.00 339.00
181.00 339.00
181.00 339.00
181.00 339.00
181.00 339.00
181.00 339.00
181.00 339.00
181.00 339.00
181.00 339.00
181.00 339.00
181.00 339.00
181.00 339.00
181.00 339.00
181.00 340.00
181.00 340.00
181.00 340.00
181.00 340.00
181.00 340.00
181.00 340.00
181.00 340.00
181.00 340.00
181.00 340.00
181.00 340.00
181.00 340.00
180.00 340.00
180.00 340.00
180.00 340.00
180.00 340.00
180.00 340.00
180.00 340.00
181.00 340.00
181.00 340.00
181.00 340.00
181.00 340.00
181.00 340.00
181.00 340.00
181.00 340.00
181.00 340.00
181.00 340.00
181.00 340.00
181.00 340.00
181.00 339.00
181.00 339.00
181.00 339.00
181.00 339.00
181.00 339.00
181.00 339.00
181.00 339.00
181.00 339.00
181.00 339.00
181.00 339.00
181.00 339.00
181.00 339.00
181.00 339.00
181.00 339.00
181.00 339.00
182.00 339.00
182.00 339.00
182.00 338.00
182.00 338.00
182.00 338.00
182.00 338.00
182.00 338.00
182.00 338.00
182.00 338.00
182.00 338.00
182.00 338.00
182.00 338.00
183.00 338.00
183.00 337.00
183.00 337.00
183.00 337.00
183.00 337.00
183.00 337.00
183.00 337.00
183.00 337.00
183.00 337.00
184.00 336.00
184.00 336.00
184.00 336.00
184.00 336.00
184.00 336.00
184.00 336.00
184.00 336.00
185.00 335.00
185.00 335.00
185.00 335.00
185.00 335.00
185.00 335.00
185.00 335.00
185.00 334.00
186.00 334.00
186.00 334.00
186.00 334.00
186.00 334.00
186.00 334.00
186.00 333.00
187.00 333.00
187.00 333.00
187.00 333.00
187.00 333.00
187.00 332.00
187.00 332.00
188.00 332.00
188.00 332.00
188.00 332.00
188.00 331.00
188.00 331.00
189.00 331.00
189.00 331.00
189.00 331.00
189.00 330.00
189.00 330.00
190.00 330.00
190.00 330.00
190.00 329.00
190.00 329.00
190.00 329.00
191.00 329.00
191.00 328.00
191.00 328.00
191.00 328.00
192.00 328.00
192.00 327.00
192.00 327.00
192.00 327.00
193.00 327.00
193.00 326.00
193.00 326.00
193.00 326.00
194.00 326.00
194.00 325.00
194.00 325.00
194.00 325.00
195.00 324.00
195.00 324.00
195.00 324.00
195.00 324.00
196.00 323.00
196.00 323.00
196.00 323.00
197.00 322.00
197.00 322.00
197.00 322.00
197.00 321.00
198.00 321.00
198.00 321.00
198.00 320.00
199.00 320.00
199.00 320.00
199.00 319.00
199.00 319.00
200.00 319.00
200.00 318.00
200.00 318.00
201.00 318.00
201.00 317.00
201.00 317.00
202.00 317.00
202.00 316.00
202.00 316.00
203.00 316.00
203.00 315.00
203.00 315.00
204.00 315.00
204.00 314.00
204.00 314.00
205.00 313.00
205.00 313.00
205.00 313.00
206.00 312.00
206.00 312.00
206.00 311.00
207.00 311.00
207.00 311.00
207.00 310.00
208.00 310.00
208.00 309.00
208.00 309.00
209.00 309.00
209.00 308.00
210.00 308.00
210.00 307.00
210.00 307.00
211.00 307.00
211.00 306.00
211.00 306.00
212.00 305.00
212.00 305.00
213.00 304.00
213.00 304.00
213.00 304.00
213.00 304.00
213.00 305.00
212.00 305.00
212.00 305.00
212.00 305.00
212.00 305.00
212.00 305.00
212.00 306.00
212.00 306.00
211.00 306.00
211.00 306.00
211.00 306.00
211.00 306.00
211.00 306.00
211.00 307.00
211.00 307.00
210.00 307.00
210.00 307.00
210.00 307.00
210.00 307.00
210.00 307.00
210.00 308.00
210.00 308.00
210.00 308.00
210.00 308.00
209.00 308.00
209.00 308.00
209.00 308.00
209.00 308.00
209.00 309.00
209.00 309.00
209.00 309.00
209.00 309.00
209.00 309.00
209.00 309.00
208.00 309.00
208.00 309.00
208.00 309.00
208.00 310.00
208.00 310.00
208.00 310.00
208.00 310.00
208.00 310.00
208.00 310.00
208.00 310.00
208.00 310.00
208.00 310.00
207.00 310.00
207.00 310.00
207.00 311.00
207.00 311.00
207.00 311.00
207.00 311.00
207.00 311.00
207.00 311.00
207.00 311.00
207.00 311.00
207.00 311.00
207.00 311.00
207.00 311.00
207.00 311.00
207.00 311.00
207.00 311.00
207.00 311.00
206.00 311.00
206.00 312.00
206.00 312.00
206.00 312.00
206.00 312.00
206.00 312.00
206.00 312.00
206.00 312.00
206.00 312.00
206.00 312.00
206.00 312.00
206.00 312.00
206.00 312.00
206.00 312.00
206.00 312.00
206.00 312.00
206.00 312.00
206.00 312.00
206.00 312.00
206.00 312.00
206.00 312.00
206.00 312.00
206.00 312.00
206.00 312.00
206.00 312.00
206.00 312.00
206.00 312.00
206.00 312.00
206.00 312.00
206.00 312.00
206.00 312.00
206.00 312.00
206.00 312.00
206.00 312.00
206.00 312.00
206.00 312.00
206.00 312.00
206.00 312.00
206.00 312.00
206.00 312.00
206.00 312.00
206.00 312.00
206.00 312.00
206.00 312.00
206.00 312.00
206.00 312.00
206.00 312.00
206.00 312.00
206.00 312.00
206.00 312.00
207.00 312.00
207.00 311.00
207.00 311.00
207.00 311.00
207.00 311.00
207.00 311.00
207.00 311.00
207.00 311.00
207.00 311.00
207.00 311.00
206.00 313.00
204.00 314.00
203.00 316.00
201.00 317.00
200.00 319.00
199.00 320.00
197.00 322.00
196.00 323.00
194.00 325.00
193.00 326.00
192.00 328.00
190.00 329.00
189.00 331.00
188.00 332.00
186.00 334.00
185.00 335.00
184.00 336.00
183.00 338.00
181.00 339.00
180.00 340.00
179.00 342.00
178.00 343.00
177.00 344.00
175.00 346.00
174.00 347.00
173.00 348.00
172.00 349.00
171.00 351.00
170.00 352.00
169.00 353.00
167.00 354.00
166.00 355.00
165.00 356.00
164.00 357.00
163.00 359.00
162.00 360.00
161.00 361.00
160.00 362.00
159.00 363.00
158.00 364.00
157.00 365.00
156.00 366.00
156.00 366.00
156.00 366.00
157.00 365.00
157.00 365.00
157.00 365.00
157.00 365.00
158.00 364.00
158.00 364.00
158.00 364.00
158.00 363.00
159.00 363.00
159.00 363.00
159.00 363.00
160.00 362.00
160.00 362.00
160.00 362.00
160.00 361.00
161.00 361.00
161.00 361.00
161.00 361.00
162.00 360.00
162.00 360.00
162.00 360.00
163.00 359.00
163.00 359.00
163.00 359.00
164.00 358.00
164.00 358.00
164.00 358.00
164.00 357.00
165.00 357.00
165.00 357.00
166.00 356.00
166.00 356.00
166.00 355.00
167.00 355.00
167.00 355.00
167.00 354.00
168.00 354.00
168.00 354.00
168.00 353.00
169.00 353.00
169.00 352.00
170.00 352.00
170.00 352.00
170.00 351.00
171.00 351.00
171.00 350.00
172.00 350.00
172.00 349.00
172.00 349.00
173.00 349.00
173.00 348.00
174.00 348.00
174.00 347.00
174.00 347.00
175.00 346.00
175.00 346.00
176.00 345.00
176.00 345.00
177.00 344.00
177.00 344.00
178.00 343.00
178.00 343.00
179.00 342.00
179.00 342.00
179.00 342.00
178.00 343.00
178.00 343.00
178.00 343.00
177.00 344.00
177.00 344.00
177.00 344.00
176.00 345.00
176.00 345.00
176.00 345.00
175.00 346.00
175.00 346.00
175.00 346.00
175.00 347.00
174.00 347.00
174.00 347.00
174.00 348.00
173.00 348.00
173.00 348.00
173.00 349.00
173.00 349.00
172.00 349.00
172.00 349.00
172.00 350.00
172.00 350.00
171.00 350.00
171.00 350.00
171.00 351.00
170.00 351.00
170.00 351.00
170.00 351.00
170.00 352.00
170.00 352.00
169.00 352.00
169.00 352.00
169.00 353.00
169.00 353.00
168.00 353.00
168.00 353.00
168.00 354.00
168.00 354.00
168.00 354.00
167.00 354.00
167.00 355.00
167.00 355.00
167.00 355.00
167.00 355.00
166.00 355.00
166.00 356.00
166.00 356.00
166.00 356.00
166.00 356.00
165.00 356.00
165.00 356.00
165.00 357.00
165.00 357.00
165.00 357.00
165.00 357.00
164.00 357.00
164.00 357.00
164.00 358.00
164.00 358.00
164.00 358.00
164.00 358.00
164.00 358.00
163.00 358.00
163.00 358.00
163.00 359.00
163.00 359.00
163.00 359.00
163.00 359.00
163.00 359.00
162.00 359.00
162.00 359.00
162.00 359.00
162.00 360.00
162.00 360.00
162.00 360.00
162.00 360.00
162.00 360.00
162.00 360.00
162.00 360.00
161.00 360.00
161.00 360.00
161.00 360.00
161.00 361.00
161.00 361.00
161.00 361.00
161.00 361.00
161.00 361.00
161.00 361.00
161.00 361.00
161.00 361.00
161.00 361.00
161.00 361.00
161.00 361.00
161.00 361.00
160.00 361.00
160.00 361.00
160.00 361.00
160.00 361.00
160.00 361.00
160.00 361.00
160.00 361.00
160.00 362.00
160.00 362.00
160.00 362.00
160.00 362.00
160.00 362.00
160.00 362.00
160.00 362.00
