178.00 344.00
178.00 344.00
178.00 344.00
178.00 344.00
178.00 344.00
178.00 344.00
178.00 344.00
178.00 344.00
178.00 344.00
178.00 344.00
178.00 344.00
178.00 344.00
178.00 344.00
178.00 344.00
178.00 344.00
178.00 344.00
179.00 344.00
179.00 344.00
179.00 344.00
179.00 344.00
179.00 344.00
179.00 343.00
179.00 343.00
179.00 343.00
179.00 343.00
179.00 343.00
179.00 343.00
179.00 343.00
179.00 343.00
179.00 343.00
179.00 343.00
179.00 343.00
180.00 343.00
180.00 342.00
180.00 342.00
180.00 342.00
180.00 342.00
180.00 342.00
180.00 342.00
180.00 342.00
180.00 342.00
180.00 342.00
181.00 341.00
181.00 341.00
181.00 341.00
181.00 341.00
181.00 341.00
181.00 341.00
181.00 341.00
181.00 341.00
181.00 340.00
182.00 340.00
182.00 340.00
182.00 340.00
182.00 340.00
182.00 340.00
182.00 339.00
182.00 339.00
183.00 339.00
183.00 339.00
183.00 339.00
183.00 339.00
183.00 338.00
183.00 338.00
184.00 338.00
184.00 338.00
184.00 338.00
184.00 338.00
184.00 337.00
184.00 337.00
185.00 337.00
185.00 337.00
185.00 337.00
185.00 336.00
185.00 336.00
186.00 336.00
186.00 336.00
186.00 335.00
186.00 335.00
186.00 335.00
187.00 335.00
187.00 335.00
187.00 334.00
187.00 334.00
187.00 334.00
188.00 334.00
188.00 333.00
188.00 333.00
188.00 333.00
188.00 333.00
189.00 332.00
189.00 332.00
189.00 332.00
189.00 331.00
190.00 331.00
190.00 331.00
190.00 331.00
190.00 330.00
191.00 330.00
191.00 330.00
191.00 330.00
191.00 329.00
192.00 329.00
192.00 329.00
192.00 328.00
192.00 328.00
193.00 328.00
193.00 327.00
193.00 327.00
194.00 327.00
194.00 326.00
194.00 326.00
194.00 326.00
195.00 326.00
195.00 325.00
195.00 325.00
196.00 325.00
196.00 324.00
196.00 324.00
196.00 323.00
197.00 323.00
197.00 323.00
197.00 322.00
198.00 322.00
198.00 322.00
198.00 321.00
199.00 321.00
199.00 321.00
199.00 320.00
200.00 320.00
200.00 320.00
200.00 319.00
201.00 319.00
201.00 318.00
201.00 318.00
202.00 318.00
202.00 317.00
202.00 317.00
203.00 316.00
203.00 316.00
203.00 316.00
202.00 317.00
202.00 317.00
202.00 317.00
202.00 317.00
201.00 318.00
201.00 318.00
201.00 318.00
201.00 319.00
201.00 319.00
200.00 319.00
200.00 319.00
200.00 320.00
200.00 320.00
199.00 320.00
199.00 320.00
199.00 321.00
199.00 321.00
199.00 321.00
198.00 321.00
198.00 322.00
198.00 322.00
198.00 322.00
197.00 322.00
197.00 323.00
197.00 323.00
197.00 323.00
197.00 323.00
196.00 323.00
196.00 324.00
196.00 324.00
196.00 324.00
196.00 324.00
196.00 325.00
195.00 325.00
195.00 325.00
195.00 325.00
195.00 325.00
195.00 326.00
194.00 326.00
194.00 326.00
194.00 326.00
194.00 326.00
194.00 326.00
194.00 327.00
193.00 327.00
193.00 327.00
193.00 327.00
193.00 327.00
193.00 328.00
193.00 328.00
193.00 328.00
192.00 328.00
192.00 328.00
192.00 328.00
192.00 328.00
192.00 329.00
192.00 329.00
192.00 329.00
192.00 329.00
191.00 329.00
191.00 329.00
191.00 329.00
191.00 330.00
191.00 330.00
191.00 330.00
191.00 330.00
191.00 330.00
190.00 330.00
190.00 330.00
190.00 330.00
190.00 331.00
190.00 331.00
190.00 331.00
190.00 331.00
190.00 331.00
190.00 331.00
190.00 331.00
190.00 331.00
189.00 331.00
189.00 331.00
189.00 332.00
189.00 332.00
189.00 332.00
189.00 332.00
189.00 332.00
189.00 332.00
189.00 332.00
189.00 332.00
189.00 332.00
189.00 332.00
189.00 332.00
189.00 332.00
189.00 332.00
189.00 332.00
188.00 333.00
188.00 333.00
188.00 333.00
188.00 333.00
188.00 333.00
188.00 333.00
188.00 333.00
188.00 333.00
188.00 333.00
188.00 333.00
188.00 333.00
188.00 333.00
188.00 333.00
188.00 333.00
188.00 333.00
188.00 333.00
188.00 333.00
188.00 333.00
188.00 333.00
188.00 333.00
188.00 333.00
188.00 333.00
188.00 333.00
188.00 333.00
188.00 333.00
188.00 333.00
188.00 333.00
188.00 333.00
188.00 333.00
188.00 333.00
188.00 333.00
188.00 333.00
188.00 333.00
188.00 333.00
188.00 333.00
188.00 333.00
188.00 333.00
188.00 333.00
188.00 333.00
188.00 333.00
189.00 333.00
189.00 333.00
189.00 332.00
189.00 332.00
189.00 332.00
189.00 332.00
189.00 332.00
189.00 332.00
189.00 332.00
189.00 332.00
189.00 332.00
189.00 332.00
189.00 332.00
189.00 332.00
189.00 332.00
189.00 332.00
190.00 331.00
190.00 331.00
190.00 331.00
190.00 331.00
190.00 331.00
190.00 331.00
208.00 311.00
208.00 311.00
208.00 311.00
208.00 311.00
208.00 311.00
208.00 311.00
209.00 310.00
209.00 310.00
209.00 310.00
209.00 310.00
209.00 310.00
209.00 310.00
209.00 310.00
209.00 310.00
209.00 310.00
210.00 310.00
210.00 309.00
210.00 309.00
210.00 309.00
210.00 309.00
210.00 309.00
210.00 309.00
210.00 309.00
210.00 309.00
211.00 308.00
211.00 308.00
211.00 308.00
211.00 308.00
210.00 309.00
210.00 309.00
209.00 310.00
209.00 311.00
208.00 311.00
208.00 312.00
207.00 313.00
207.00 313.00
206.00 314.00
205.00 314.00
205.00 315.00
204.00 316.00
204.00 316.00
203.00 317.00
203.00 318.00
202.00 318.00
202.00 319.00
201.00 319.00
201.00 320.00
200.00 321.00
200.00 321.00
199.00 322.00
199.00 322.00
198.00 323.00
198.00 323.00
197.00 324.00
197.00 325.00
196.00 325.00
196.00 326.00
195.00 326.00
195.00 327.00
194.00 327.00
194.00 328.00
193.00 328.00
193.00 329.00
192.00 329.00
192.00 330.00
191.00 331.00
191.00 331.00
190.00 332.00
190.00 332.00
190.00 333.00
189.00 333.00
189.00 334.00
188.00 334.00
188.00 335.00
187.00 335.00
187.00 335.00
186.00 336.00
186.00 336.00
186.00 337.00
185.00 337.00
185.00 338.00
184.00 338.00
184.00 339.00
184.00 339.00
183.00 340.00
183.00 340.00
182.00 340.00
182.00 341.00
182.00 341.00
181.00 342.00
181.00 342.00
181.00 343.00
180.00 343.00
180.00 343.00
179.00 344.00
179.00 344.00
179.00 345.00
178.00 345.00
178.00 345.00
178.00 346.00
177.00 346.00
177.00 346.00
177.00 347.00
176.00 347.00
176.00 348.00
176.00 348.00
175.00 348.00
175.00 349.00
175.00 349.00
174.00 349.00
174.00 350.00
174.00 350.00
173.00 350.00
173.00 351.00
173.00 351.00
173.00 351.00
172.00 352.00
172.00 352.00
172.00 352.00
171.00 353.00
171.00 353.00
171.00 353.00
171.00 354.00
170.00 354.00
170.00 354.00
170.00 354.00
169.00 355.00
169.00 355.00
169.00 355.00
169.00 355.00
168.00 356.00
168.00 356.00
168.00 356.00
168.00 357.00
168.00 357.00
167.00 357.00
167.00 357.00
167.00 358.00
167.00 358.00
166.00 358.00
166.00 358.00
166.00 358.00
166.00 359.00
166.00 359.00
165.00 359.00
165.00 359.00
165.00 360.00
165.00 360.00
165.00 360.00
164.00 360.00
164.00 360.00
164.00 361.00
164.00 361.00
164.00 361.00
163.00 361.00
163.00 361.00
163.00 362.00
163.00 362.00
163.00 362.00
163.00 362.00
162.00 362.00
162.00 362.00
162.00 363.00
162.00 363.00
162.00 363.00
162.00 363.00
162.00 363.00
161.00 363.00
161.00 363.00
161.00 364.00
161.00 364.00
161.00 364.00
161.00 364.00
161.00 364.00
161.00 364.00
160.00 364.00
160.00 364.00
160.00 365.00
160.00 365.00
160.00 365.00
160.00 365.00
160.00 365.00
160.00 365.00
160.00 365.00
160.00 365.00
159.00 365.00
159.00 365.00
159.00 366.00
159.00 366.00
159.00 366.00
159.00 366.00
159.00 366.00
159.00 366.00
159.00 366.00
159.00 366.00
159.00 366.00
159.00 366.00
159.00 366.00
159.00 366.00
159.00 366.00
159.00 366.00
159.00 366.00
158.00 366.00
158.00 366.00
158.00 366.00
158.00 367.00
158.00 367.00
158.00 367.00
158.00 367.00
158.00 367.00
158.00 367.00
158.00 367.00
158.00 367.00
158.00 367.00
158.00 367.00
158.00 367.00
158.00 367.00
158.00 367.00
158.00 367.00
158.00 367.00
158.00 367.00
158.00 367.00
158.00 367.00
158.00 367.00
158.00 366.00
158.00 366.00
159.00 366.00
159.00 366.00
159.00 366.00
159.00 366.00
159.00 366.00
159.00 366.00
159.00 366.00
159.00 366.00
159.00 366.00
159.00 366.00
159.00 366.00
159.00 366.00
159.00 366.00
159.00 366.00
159.00 366.00
159.00 366.00
159.00 365.00
160.00 365.00
160.00 365.00
160.00 365.00
160.00 365.00
160.00 365.00
160.00 365.00
160.00 365.00
160.00 365.00
160.00 365.00
160.00 364.00
161.00 364.00
161.00 364.00
161.00 364.00
161.00 364.00
161.00 364.00
161.00 364.00
161.00 364.00
161.00 363.00
162.00 363.00
162.00 363.00
162.00 363.00
162.00 363.00
162.00 363.00
162.00 363.00
162.00 362.00
163.00 362.00
163.00 362.00
163.00 362.00
163.00 362.00
163.00 362.00
163.00 361.00
164.00 361.00
164.00 361.00
164.00 361.00
164.00 361.00
164.00 360.00
164.00 360.00
165.00 360.00
165.00 360.00
165.00 360.00
165.00 359.00
165.00 359.00
166.00 359.00
166.00 359.00
166.00 358.00
166.00 358.00
166.00 358.00
167.00 358.00
167.00 358.00
167.00 357.00
167.00 357.00
168.00 357.00
168.00 357.00
168.00 356.00
168.00 356.00
169.00 356.00
169.00 355.00
169.00 355.00
169.00 355.00
170.00 355.00
170.00 354.00
170.00 354.00
170.00 354.00
171.00 353.00
171.00 353.00
171.00 353.00
172.00 353.00
172.00 352.00
172.00 352.00
172.00 352.00
173.00 351.00
173.00 351.00
172.00 352.00
172.00 352.00
171.00 353.00
171.00 354.00
170.00 354.00
169.00 355.00
169.00 355.00
168.00 356.00
168.00 357.00
167.00 357.00
167.00 358.00
166.00 358.00
166.00 359.00
165.00 360.00
165.00 360.00
164.00 361.00
163.00 361.00
163.00 362.00
162.00 362.00
162.00 363.00
161.00 363.00
161.00 364.00
160.00 364.00
160.00 365.00
159.00 365.00
159.00 366.00
159.00 366.00
158.00 367.00
158.00 367.00
157.00 368.00
157.00 368.00
156.00 369.00
156.00 369.00
155.00 370.00
155.00 370.00
154.00 371.00
154.00 371.00
154.00 371.00
153.00 372.00
153.00 372.00
152.00 373.00
152.00 373.00
152.00 374.00
151.00 374.00
151.00 374.00
150.00 375.00
150.00 375.00
150.00 376.00
149.00 376.00
149.00 376.00
149.00 377.00
148.00 377.00
148.00 377.00
147.00 378.00
147.00 378.00
147.00 379.00
146.00 379.00
146.00 379.00
146.00 380.00
145.00 380.00
145.00 380.00
145.00 381.00
145.00 381.00
144.00 381.00
144.00 381.00
144.00 382.00
143.00 382.00
143.00 382.00
143.00 383.00
142.00 383.00
142.00 383.00
142.00 384.00
142.00 384.00
141.00 384.00
141.00 384.00
141.00 385.00
140.00 385.00
140.00 385.00
140.00 385.00
140.00 386.00
139.00 386.00
139.00 386.00
139.00 386.00
139.00 387.00
139.00 387.00
138.00 387.00
138.00 387.00
138.00 388.00
138.00 388.00
137.00 388.00
137.00 388.00
137.00 388.00
137.00 389.00
137.00 389.00
136.00 389.00
136.00 389.00
136.00 389.00
136.00 390.00
136.00 390.00
135.00 390.00
135.00 390.00
135.00 390.00
135.00 390.00
135.00 391.00
135.00 391.00
134.00 391.00
134.00 391.00
134.00 391.00
134.00 391.00
134.00 392.00
134.00 392.00
134.00 392.00
133.00 392.00
133.00 392.00
133.00 392.00
133.00 392.00
133.00 392.00
133.00 393.00
133.00 393.00
133.00 393.00
132.00 393.00
132.00 393.00
132.00 393.00
132.00 393.00
132.00 393.00
132.00 393.00
132.00 393.00
132.00 394.00
132.00 394.00
132.00 394.00
132.00 394.00
131.00 394.00
131.00 394.00
131.00 394.00
131.00 394.00
131.00 394.00
131.00 394.00
131.00 394.00
131.00 394.00
131.00 394.00
131.00 394.00
131.00 394.00
131.00 394.00
131.00 395.00
131.00 395.00
131.00 395.00
131.00 395.00
131.00 395.00
131.00 395.00
131.00 395.00
131.00 395.00
131.00 395.00
131.00 395.00
131.00 395.00
131.00 395.00
131.00 395.00
131.00 395.00
131.00 395.00
131.00 395.00
131.00 395.00
131.00 395.00
131.00 395.00
131.00 395.00
131.00 395.00
131.00 395.00
131.00 395.00
131.00 395.00
131.00 394.00
131.00 394.00
131.00 394.00
131.00 394.00
131.00 394.00
131.00 394.00
131.00 394.00
131.00 394.00
131.00 394.00
131.00 394.00
131.00 394.00
131.00 394.00
131.00 394.00
132.00 394.00
132.00 394.00
132.00 394.00
132.00 393.00
132.00 393.00
132.00 393.00
132.00 393.00
132.00 393.00
132.00 393.00
132.00 393.00
132.00 393.00
133.00 393.00
133.00 393.00
133.00 392.00
133.00 392.00
133.00 392.00
133.00 392.00
133.00 392.00
133.00 392.00
134.00 392.00
134.00 392.00
134.00 391.00
134.00 391.00
134.00 391.00
134.00 391.00
134.00 391.00
135.00 391.00
135.00 390.00
135.00 390.00
135.00 390.00
135.00 390.00
135.00 390.00
136.00 390.00
136.00 389.00
136.00 389.00
136.00 389.00
136.00 389.00
137.00 389.00
137.00 388.00
137.00 388.00
137.00 388.00
137.00 388.00
138.00 388.00
138.00 387.00
138.00 387.00
138.00 387.00
138.00 387.00
139.00 386.00
139.00 386.00
139.00 386.00
139.00 386.00
140.00 385.00
140.00 385.00
140.00 385.00
140.00 385.00
141.00 384.00
141.00 384.00
141.00 384.00
142.00 384.00
142.00 383.00
142.00 383.00
142.00 383.00
143.00 382.00
143.00 382.00
143.00 382.00
144.00 382.00
144.00 381.00
144.00 381.00
144.00 381.00
145.00 380.00
145.00 380.00
145.00 380.00
146.00 379.00
146.00 379.00
146.00 379.00
147.00 378.00
147.00 378.00
147.00 377.00
148.00 377.00
148.00 377.00
149.00 376.00
149.00 376.00
149.00 376.00
150.00 375.00
150.00 375.00
150.00 374.00
151.00 374.00
151.00 374.00
152.00 373.00
152.00 373.00
152.00 372.00
153.00 372.00
153.00 372.00
154.00 371.00
154.00 371.00
154.00 370.00
155.00 370.00
155.00 369.00
156.00 369.00
156.00 368.00
157.00 368.00
157.00 367.00
158.00 367.00
158.00 366.00
158.00 366.00
159.00 365.00
159.00 365.00
160.00 364.00
160.00 364.00
161.00 363.00
161.00 363.00
162.00 362.00
162.00 362.00
163.00 361.00
163.00 361.00
164.00 360.00
164.00 360.00
165.00 359.00
166.00 358.00
166.00 358.00
167.00 357.00
167.00 357.00
168.00 356.00
168.00 355.00
169.00 355.00
169.00 354.00
170.00 354.00
171.00 353.00
171.00 352.00
172.00 352.00
172.00 351.00
173.00 350.00
174.00 350.00
174.00 349.00
175.00 348.00
175.00 348.00
176.00 347.00
177.00 346.00
177.00 346.00
178.00 345.00
179.00 344.00
179.00 344.00
180.00 343.00
181.00 342.00
181.00 341.00
182.00 341.00
183.00 340.00
183.00 339.00
184.00 338.00
185.00 338.00
185.00 337.00
186.00 336.00
186.00 336.00
186.00 336.00
185.00 337.00
185.00 337.00
185.00 337.00
185.00 337.00
185.00 337.00
184.00 338.00
184.00 338.00
184.00 338.00
184.00 338.00
184.00 338.00
184.00 339.00
183.00 339.00
183.00 339.00
183.00 339.00
183.00 339.00
183.00 339.00
183.00 340.00
183.00 340.00
182.00 340.00
182.00 340.00
182.00 340.00
182.00 340.00
182.00 340.00
182.00 341.00
182.00 341.00
181.00 341.00
181.00 341.00
181.00 341.00
181.00 341.00
181.00 341.00
181.00 342.00
181.00 342.00
181.00 342.00
180.00 342.00
180.00 342.00
180.00 342.00
180.00 342.00
180.00 342.00
180.00 342.00
180.00 343.00
180.00 343.00
180.00 343.00
180.00 343.00
180.00 343.00
179.00 343.00
179.00 343.00
179.00 343.00
179.00 343.00
179.00 343.00
179.00 343.00
179.00 343.00
179.00 344.00
179.00 344.00
179.00 344.00
179.00 344.00
179.00 344.00
179.00 344.00
179.00 344.00
179.00 344.00
179.00 344.00
178.00 344.00
178.00 344.00
178.00 344.00
178.00 344.00
178.00 344.00
178.00 344.00
178.00 344.00
178.00 344.00
178.00 344.00
178.00 344.00
178.00 344.00
178.00 344.00
178.00 344.00
178.00 344.00
178.00 344.00
178.00 344.00
178.00 344.00
178.00 344.00
