169.00 364.00
169.00 364.00
169.00 363.00
169.00 363.00
169.00 363.00
170.00 363.00
170.00 363.00
170.00 363.00
170.00 363.00
170.00 363.00
170.00 363.00
170.00 363.00
170.00 363.00
170.00 363.00
170.00 363.00
170.00 363.00
170.00 363.00
170.00 363.00
170.00 363.00
170.00 363.00
170.00 363.00
170.00 363.00
170.00 362.00
170.00 362.00
171.00 362.00
171.00 362.00
171.00 362.00
171.00 362.00
171.00 362.00
171.00 362.00
171.00 362.00
171.00 362.00
171.00 361.00
171.00 361.00
171.00 361.00
172.00 361.00
172.00 361.00
172.00 361.00
172.00 361.00
172.00 361.00
172.00 360.00
172.00 360.00
172.00 360.00
172.00 360.00
173.00 360.00
173.00 360.00
173.00 360.00
173.00 359.00
173.00 359.00
173.00 359.00
173.00 359.00
174.00 359.00
174.00 359.00
174.00 358.00
174.00 358.00
174.00 358.00
174.00 358.00
175.00 358.00
175.00 357.00
175.00 357.00
175.00 357.00
175.00 357.00
175.00 357.00
176.00 356.00
176.00 356.00
176.00 356.00
175.00 357.00
174.00 358.00
173.00 359.00
172.00 360.00
172.00 361.00
171.00 362.00
170.00 363.00
169.00 364.00
168.00 365.00
167.00 366.00
167.00 367.00
166.00 368.00
165.00 369.00
164.00 369.00
163.00 370.00
163.00 371.00
162.00 372.00
161.00 373.00
160.00 374.00
160.00 375.00
159.00 375.00
158.00 376.00
157.00 377.00
157.00 378.00
156.00 379.00
155.00 379.00
154.00 380.00
154.00 381.00
153.00 382.00
152.00 382.00
152.00 383.00
151.00 384.00
150.00 384.00
150.00 385.00
149.00 386.00
148.00 386.00
148.00 387.00
147.00 388.00
147.00 388.00
146.00 389.00
146.00 389.00
147.00 388.00
147.00 388.00
148.00 387.00
148.00 387.00
148.00 387.00
149.00 386.00
149.00 386.00
150.00 385.00
150.00 385.00
150.00 384.00
151.00 384.00
151.00 383.00
152.00 383.00
152.00 382.00
153.00 382.00
153.00 381.00
154.00 381.00
154.00 380.00
154.00 380.00
155.00 379.00
155.00 379.00
156.00 378.00
156.00 378.00
157.00 377.00
157.00 377.00
158.00 376.00
158.00 376.00
159.00 375.00
159.00 375.00
160.00 374.00
161.00 373.00
161.00 373.00
162.00 372.00
162.00 372.00
163.00 371.00
163.00 370.00
164.00 370.00
164.00 369.00
165.00 368.00
166.00 368.00
166.00 367.00
167.00 366.00
167.00 366.00
168.00 365.00
168.00 364.00
169.00 364.00
170.00 363.00
170.00 362.00
171.00 362.00
172.00 361.00
172.00 360.00
173.00 359.00
173.00 359.00
174.00 358.00
175.00 357.00
175.00 356.00
176.00 356.00
177.00 355.00
177.00 354.00
178.00 353.00
179.00 352.00
180.00 352.00
180.00 351.00
181.00 350.00
182.00 349.00
182.00 348.00
183.00 347.00
184.00 346.00
185.00 346.00
185.00 345.00
186.00 344.00
187.00 343.00
188.00 342.00
188.00 341.00
189.00 340.00
190.00 339.00
191.00 338.00
191.00 337.00
192.00 336.00
193.00 335.00
194.00 334.00
195.00 333.00
195.00 332.00
196.00 331.00
197.00 330.00
198.00 329.00
199.00 328.00
199.00 327.00
200.00 326.00
201.00 325.00
202.00 324.00
202.00 324.00
202.00 324.00
202.00 324.00
202.00 325.00
201.00 325.00
201.00 325.00
201.00 325.00
201.00 325.00
201.00 325.00
201.00 325.00
201.00 325.00
201.00 326.00
201.00 326.00
201.00 326.00
201.00 326.00
200.00 326.00
200.00 326.00
200.00 326.00
200.00 326.00
200.00 326.00
200.00 327.00
200.00 327.00
200.00 327.00
200.00 327.00
200.00 327.00
200.00 327.00
200.00 327.00
200.00 327.00
200.00 327.00
200.00 327.00
199.00 327.00
199.00 327.00
199.00 327.00
199.00 328.00
199.00 328.00
199.00 328.00
199.00 328.00
199.00 328.00
199.00 328.00
199.00 328.00
199.00 328.00
199.00 328.00
199.00 328.00
199.00 328.00
199.00 328.00
199.00 328.00
199.00 328.00
199.00 328.00
199.00 328.00
199.00 328.00
199.00 328.00
199.00 328.00
199.00 328.00
199.00 328.00
199.00 328.00
199.00 328.00
199.00 328.00
199.00 328.00
199.00 328.00
199.00 328.00
199.00 328.00
199.00 328.00
199.00 328.00
199.00 328.00
199.00 328.00
199.00 328.00
199.00 328.00
199.00 328.00
199.00 328.00
199.00 328.00
199.00 328.00
199.00 328.00
199.00 328.00
199.00 328.00
199.00 328.00
199.00 328.00
199.00 328.00
199.00 328.00
199.00 328.00
199.00 328.00
199.00 328.00
199.00 328.00
199.00 328.00
200.00 328.00
200.00 328.00
200.00 328.00
200.00 328.00
200.00 328.00
200.00 327.00
200.00 327.00
200.00 327.00
200.00 327.00
200.00 327.00
200.00 327.00
200.00 327.00
200.00 327.00
200.00 327.00
200.00 327.00
201.00 327.00
201.00 327.00
201.00 326.00
201.00 326.00
201.00 326.00
201.00 326.00
201.00 326.00
201.00 326.00
201.00 326.00
201.00 326.00
201.00 326.00
202.00 326.00
202.00 325.00
202.00 325.00
202.00 325.00
202.00 325.00
202.00 325.00
202.00 325.00
202.00 325.00
202.00 324.00
203.00 324.00
203.00 324.00
203.00 324.00
203.00 324.00
203.00 324.00
203.00 324.00
203.00 323.00
203.00 323.00
204.00 323.00
204.00 323.00
204.00 323.00
204.00 323.00
204.00 323.00
204.00 322.00
204.00 322.00
205.00 322.00
205.00 322.00
205.00 322.00
205.00 321.00
205.00 321.00
205.00 321.00
206.00 321.00
206.00 321.00
206.00 321.00
206.00 320.00
206.00 320.00
206.00 320.00
207.00 320.00
207.00 320.00
207.00 319.00
207.00 319.00
207.00 319.00
207.00 319.00
208.00 318.00
208.00 318.00
208.00 318.00
208.00 318.00
207.00 319.00
207.00 319.00
206.00 320.00
206.00 320.00
206.00 321.00
205.00 321.00
205.00 322.00
205.00 322.00
204.00 323.00
204.00 323.00
203.00 324.00
203.00 324.00
203.00 325.00
202.00 325.00
202.00 325.00
202.00 326.00
201.00 326.00
201.00 327.00
201.00 327.00
200.00 328.00
200.00 328.00
200.00 328.00
199.00 329.00
199.00 329.00
199.00 330.00
198.00 330.00
198.00 330.00
198.00 331.00
197.00 331.00
197.00 332.00
197.00 332.00
196.00 332.00
196.00 333.00
196.00 333.00
195.00 334.00
195.00 334.00
195.00 334.00
195.00 335.00
194.00 335.00
194.00 335.00
194.00 336.00
193.00 336.00
193.00 336.00
193.00 337.00
192.00 337.00
192.00 337.00
192.00 338.00
192.00 338.00
191.00 338.00
191.00 339.00
191.00 339.00
191.00 339.00
190.00 340.00
190.00 340.00
190.00 340.00
190.00 341.00
189.00 341.00
189.00 341.00
189.00 341.00
189.00 342.00
188.00 342.00
188.00 342.00
188.00 343.00
188.00 343.00
187.00 343.00
187.00 343.00
187.00 344.00
187.00 344.00
187.00 344.00
186.00 344.00
186.00 345.00
186.00 345.00
186.00 345.00
185.00 345.00
185.00 346.00
185.00 346.00
185.00 346.00
185.00 346.00
184.00 347.00
184.00 347.00
184.00 347.00
184.00 347.00
184.00 347.00
184.00 348.00
183.00 348.00
183.00 348.00
183.00 348.00
183.00 349.00
183.00 349.00
182.00 349.00
182.00 349.00
182.00 349.00
182.00 349.00
182.00 350.00
182.00 350.00
182.00 350.00
181.00 350.00
181.00 350.00
181.00 350.00
181.00 351.00
181.00 351.00
181.00 351.00
181.00 351.00
180.00 351.00
180.00 351.00
180.00 352.00
180.00 352.00
180.00 352.00
180.00 352.00
180.00 352.00
180.00 352.00
179.00 352.00
179.00 352.00
179.00 353.00
179.00 353.00
179.00 353.00
179.00 353.00
179.00 353.00
179.00 353.00
179.00 353.00
179.00 353.00
179.00 353.00
178.00 354.00
178.00 354.00
178.00 354.00
178.00 354.00
178.00 354.00
178.00 354.00
178.00 354.00
178.00 354.00
178.00 354.00
178.00 354.00
178.00 354.00
178.00 354.00
178.00 354.00
178.00 355.00
178.00 355.00
177.00 355.00
177.00 355.00
177.00 355.00
177.00 355.00
177.00 355.00
177.00 355.00
177.00 355.00
177.00 355.00
177.00 355.00
177.00 355.00
177.00 355.00
177.00 355.00
177.00 355.00
177.00 355.00
177.00 355.00
177.00 355.00
177.00 355.00
177.00 355.00
177.00 355.00
177.00 355.00
177.00 355.00
177.00 355.00
177.00 355.00
177.00 355.00
177.00 355.00
177.00 355.00
177.00 355.00
177.00 355.00
177.00 355.00
177.00 355.00
177.00 355.00
177.00 355.00
177.00 355.00
177.00 355.00
177.00 355.00
178.00 355.00
178.00 355.00
178.00 354.00
178.00 354.00
178.00 354.00
178.00 354.00
178.00 354.00
178.00 354.00
178.00 354.00
178.00 354.00
178.00 354.00
178.00 354.00
178.00 354.00
178.00 354.00
178.00 354.00
178.00 353.00
179.00 353.00
179.00 353.00
179.00 353.00
179.00 353.00
179.00 353.00
179.00 353.00
179.00 353.00
179.00 353.00
179.00 352.00
179.00 352.00
180.00 352.00
180.00 352.00
180.00 352.00
180.00 352.00
180.00 352.00
180.00 352.00
180.00 351.00
180.00 351.00
181.00 351.00
181.00 351.00
181.00 351.00
181.00 351.00
181.00 350.00
181.00 350.00
181.00 350.00
181.00 350.00
182.00 350.00
182.00 350.00
182.00 349.00
182.00 349.00
182.00 349.00
182.00 349.00
183.00 349.00
183.00 348.00
183.00 348.00
183.00 348.00
183.00 348.00
183.00 348.00
184.00 347.00
184.00 347.00
184.00 347.00
183.00 348.00
182.00 349.00
182.00 350.00
181.00 351.00
180.00 352.00
179.00 352.00
179.00 353.00
178.00 354.00
177.00 355.00
176.00 356.00
176.00 357.00
175.00 358.00
174.00 358.00
173.00 359.00
173.00 360.00
172.00 361.00
171.00 362.00
171.00 362.00
170.00 363.00
169.00 364.00
169.00 365.00
168.00 365.00
167.00 366.00
167.00 367.00
166.00 368.00
165.00 368.00
165.00 369.00
164.00 370.00
163.00 370.00
163.00 371.00
162.00 372.00
162.00 372.00
161.00 373.00
160.00 374.00
160.00 374.00
159.00 375.00
159.00 376.00
158.00 376.00
157.00 377.00
157.00 377.00
156.00 378.00
156.00 379.00
155.00 379.00
155.00 380.00
154.00 380.00
154.00 381.00
153.00 381.00
153.00 382.00
152.00 382.00
152.00 383.00
151.00 384.00
150.00 384.00
150.00 385.00
150.00 385.00
149.00 386.00
149.00 386.00
148.00 387.00
148.00 387.00
147.00 388.00
147.00 388.00
146.00 388.00
146.00 389.00
145.00 389.00
145.00 390.00
144.00 390.00
144.00 391.00
144.00 391.00
143.00 392.00
143.00 392.00
142.00 392.00
142.00 393.00
142.00 393.00
141.00 394.00
141.00 394.00
140.00 394.00
140.00 395.00
140.00 395.00
139.00 396.00
139.00 396.00
139.00 396.00
138.00 397.00
138.00 397.00
137.00 397.00
137.00 398.00
137.00 398.00
136.00 398.00
136.00 399.00
136.00 399.00
135.00 399.00
135.00 400.00
135.00 400.00
134.00 400.00
134.00 401.00
134.00 401.00
134.00 401.00
133.00 401.00
133.00 402.00
133.00 402.00
132.00 402.00
132.00 403.00
132.00 403.00
132.00 403.00
131.00 403.00
131.00 404.00
131.00 404.00
131.00 404.00
130.00 404.00
130.00 405.00
130.00 405.00
130.00 405.00
129.00 405.00
129.00 406.00
129.00 406.00
129.00 406.00
128.00 406.00
128.00 406.00
128.00 407.00
128.00 407.00
128.00 407.00
127.00 407.00
127.00 407.00
127.00 408.00
127.00 408.00
127.00 408.00
126.00 408.00
126.00 408.00
126.00 408.00
126.00 409.00
126.00 409.00
125.00 409.00
125.00 409.00
125.00 409.00
125.00 409.00
125.00 410.00
125.00 410.00
125.00 410.00
124.00 410.00
124.00 410.00
124.00 410.00
124.00 410.00
124.00 411.00
124.00 411.00
124.00 411.00
123.00 411.00
123.00 411.00
123.00 411.00
123.00 411.00
123.00 411.00
123.00 411.00
123.00 412.00
123.00 412.00
123.00 412.00
122.00 412.00
122.00 412.00
122.00 412.00
122.00 412.00
122.00 412.00
122.00 412.00
122.00 412.00
122.00 412.00
122.00 412.00
122.00 412.00
122.00 413.00
122.00 413.00
122.00 413.00
122.00 413.00
122.00 413.00
121.00 413.00
121.00 413.00
121.00 413.00
121.00 413.00
121.00 413.00
121.00 413.00
121.00 413.00
121.00 413.00
121.00 413.00
121.00 413.00
121.00 413.00
121.00 413.00
121.00 413.00
121.00 413.00
121.00 413.00
121.00 413.00
121.00 413.00
121.00 413.00
121.00 413.00
121.00 413.00
121.00 413.00
121.00 413.00
121.00 413.00
121.00 413.00
121.00 413.00
121.00 413.00
121.00 413.00
121.00 413.00
121.00 413.00
121.00 413.00
121.00 413.00
122.00 413.00
122.00 413.00
122.00 413.00
122.00 413.00
122.00 413.00
122.00 412.00
122.00 412.00
122.00 412.00
122.00 412.00
122.00 412.00
122.00 412.00
122.00 412.00
122.00 412.00
122.00 412.00
123.00 412.00
123.00 412.00
123.00 412.00
123.00 412.00
123.00 411.00
123.00 411.00
123.00 411.00
123.00 411.00
123.00 411.00
123.00 411.00
124.00 411.00
124.00 411.00
124.00 411.00
124.00 410.00
124.00 410.00
124.00 410.00
124.00 410.00
125.00 410.00
125.00 410.00
125.00 410.00
125.00 409.00
125.00 409.00
125.00 409.00
126.00 409.00
126.00 409.00
126.00 409.00
126.00 408.00
126.00 408.00
126.00 408.00
127.00 408.00
127.00 408.00
127.00 408.00
127.00 407.00
127.00 407.00
128.00 407.00
128.00 407.00
128.00 407.00
128.00 406.00
128.00 406.00
129.00 406.00
129.00 406.00
129.00 406.00
129.00 405.00
130.00 405.00
130.00 405.00
130.00 405.00
130.00 404.00
131.00 404.00
131.00 404.00
131.00 404.00
131.00 403.00
132.00 403.00
132.00 403.00
132.00 403.00
132.00 402.00
133.00 402.00
133.00 402.00
133.00 401.00
134.00 401.00
134.00 401.00
134.00 401.00
135.00 400.00
135.00 400.00
135.00 400.00
136.00 399.00
136.00 399.00
136.00 399.00
137.00 398.00
137.00 398.00
137.00 398.00
138.00 397.00
138.00 397.00
138.00 397.00
139.00 396.00
139.00 396.00
139.00 395.00
140.00 395.00
140.00 395.00
140.00 394.00
141.00 394.00
141.00 394.00
142.00 393.00
142.00 393.00
142.00 392.00
143.00 392.00
143.00 391.00
144.00 391.00
144.00 391.00
145.00 390.00
145.00 390.00
145.00 389.00
146.00 389.00
146.00 388.00
147.00 388.00
147.00 387.00
148.00 387.00
148.00 386.00
149.00 386.00
149.00 385.00
150.00 385.00
150.00 384.00
151.00 384.00
151.00 383.00
152.00 383.00
152.00 382.00
153.00 382.00
153.00 381.00
154.00 381.00
154.00 380.00
155.00 380.00
155.00 379.00
156.00 378.00
156.00 378.00
157.00 377.00
158.00 377.00
158.00 376.00
159.00 375.00
159.00 375.00
160.00 374.00
160.00 374.00
161.00 373.00
162.00 372.00
162.00 372.00
163.00 371.00
164.00 370.00
164.00 370.00
165.00 369.00
165.00 368.00
166.00 367.00
167.00 367.00
167.00 366.00
168.00 365.00
169.00 364.00
169.00 364.00
170.00 363.00
171.00 362.00
171.00 361.00
172.00 361.00
173.00 360.00
174.00 359.00
174.00 358.00
175.00 357.00
176.00 357.00
177.00 356.00
177.00 355.00
178.00 354.00
178.00 354.00
178.00 354.00
177.00 355.00
177.00 355.00
177.00 355.00
177.00 355.00
177.00 356.00
176.00 356.00
176.00 356.00
176.00 356.00
176.00 357.00
176.00 357.00
175.00 357.00
175.00 357.00
175.00 357.00
175.00 358.00
175.00 358.00
175.00 358.00
174.00 358.00
174.00 358.00
174.00 358.00
174.00 359.00
174.00 359.00
174.00 359.00
173.00 359.00
173.00 359.00
173.00 359.00
173.00 360.00
173.00 360.00
173.00 360.00
173.00 360.00
172.00 360.00
172.00 360.00
172.00 361.00
172.00 361.00
172.00 361.00
172.00 361.00
172.00 361.00
172.00 361.00
172.00 361.00
171.00 361.00
171.00 362.00
171.00 362.00
171.00 362.00
171.00 362.00
171.00 362.00
171.00 362.00
171.00 362.00
171.00 362.00
171.00 362.00
171.00 362.00
170.00 362.00
170.00 363.00
170.00 363.00
170.00 363.00
170.00 363.00
170.00 363.00
170.00 363.00
170.00 363.00
170.00 363.00
170.00 363.00
170.00 363.00
170.00 363.00
170.00 363.00
170.00 363.00
170.00 363.00
170.00 363.00
170.00 363.00
170.00 363.00
170.00 363.00
169.00 363.00
169.00 364.00
169.00 364.00
169.00 364.00
169.00 364.00
169.00 364.00
169.00 364.00
169.00 364.00
169.00 364.00
169.00 364.00
169.00 364.00
169.00 364.00
169.00 364.00
169.00 364.00
