63.00 421.00
63.00 421.00
63.00 421.00
63.00 421.00
63.00 421.00
63.00 421.00
63.00 421.00
63.00 421.00
63.00 421.00
63.00 421.00
63.00 421.00
63.00 421.00
63.00 421.00
63.00 421.00
63.00 420.00
63.00 420.00
63.00 420.00
63.00 420.00
63.00 420.00
63.00 420.00
63.00 420.00
63.00 420.00
63.00 420.00
63.00 420.00
63.00 420.00
63.00 420.00
63.00 420.00
63.00 420.00
64.00 420.00
64.00 419.00
64.00 419.00
64.00 419.00
64.00 419.00
64.00 419.00
64.00 419.00
64.00 419.00
64.00 419.00
64.00 419.00
64.00 419.00
64.00 418.00
64.00 418.00
65.00 418.00
65.00 418.00
65.00 418.00
65.00 418.00
65.00 418.00
65.00 418.00
65.00 417.00
65.00 417.00
65.00 417.00
66.00 417.00
66.00 417.00
66.00 417.00
66.00 417.00
66.00 416.00
66.00 416.00
66.00 416.00
66.00 416.00
67.00 416.00
67.00 415.00
67.00 415.00
67.00 415.00
67.00 415.00
67.00 415.00
67.00 415.00
68.00 414.00
68.00 414.00
68.00 414.00
68.00 414.00
68.00 413.00
68.00 413.00
69.00 413.00
69.00 413.00
69.00 413.00
69.00 412.00
69.00 412.00
70.00 412.00
70.00 412.00
70.00 411.00
70.00 411.00
70.00 411.00
71.00 411.00
71.00 410.00
71.00 410.00
71.00 410.00
71.00 409.00
72.00 409.00
72.00 409.00
72.00 409.00
72.00 408.00
73.00 408.00
73.00 408.00
73.00 407.00
73.00 407.00
74.00 407.00
74.00 406.00
74.00 406.00
74.00 406.00
75.00 405.00
75.00 405.00
75.00 405.00
76.00 404.00
76.00 404.00
76.00 404.00
76.00 403.00
77.00 403.00
77.00 403.00
77.00 402.00
78.00 402.00
78.00 401.00
78.00 401.00
79.00 401.00
79.00 400.00
79.00 400.00
80.00 399.00
80.00 399.00
81.00 399.00
81.00 398.00
81.00 398.00
82.00 397.00
82.00 397.00
82.00 396.00
83.00 396.00
83.00 395.00
84.00 395.00
84.00 394.00
84.00 394.00
85.00 393.00
85.00 393.00
86.00 392.00
86.00 392.00
87.00 391.00
87.00 391.00
88.00 390.00
88.00 390.00
89.00 389.00
89.00 389.00
90.00 388.00
90.00 387.00
91.00 387.00
91.00 386.00
92.00 386.00
92.00 385.00
93.00 384.00
93.00 384.00
94.00 383.00
95.00 383.00
95.00 382.00
96.00 381.00
96.00 381.00
97.00 380.00
98.00 379.00
98.00 379.00
99.00 378.00
100.00 377.00
100.00 376.00
101.00 376.00
102.00 375.00
102.00 374.00
103.00 373.00
104.00 373.00
104.00 372.00
105.00 371.00
106.00 370.00
107.00 370.00
108.00 369.00
108.00 368.00
109.00 367.00
110.00 366.00
111.00 365.00
112.00 365.00
112.00 364.00
113.00 363.00
114.00 362.00
115.00 361.00
116.00 360.00
117.00 359.00
118.00 358.00
119.00 357.00
120.00 356.00
121.00 355.00
122.00 354.00
123.00 353.00
124.00 352.00
125.00 351.00
126.00 350.00
127.00 349.00
128.00 348.00
130.00 347.00
131.00 346.00
132.00 345.00
133.00 344.00
134.00 343.00
136.00 342.00
137.00 341.00
138.00 340.00
140.00 339.00
141.00 337.00
142.00 336.00
144.00 335.00
145.00 334.00
146.00 333.00
148.00 331.00
149.00 330.00
151.00 329.00
152.00 328.00
154.00 326.00
155.00 325.00
157.00 324.00
159.00 323.00
160.00 321.00
162.00 320.00
163.00 319.00
165.00 317.00
167.00 316.00
169.00 315.00
170.00 313.00
172.00 312.00
174.00 310.00
176.00 309.00
178.00 308.00
180.00 306.00
182.00 305.00
184.00 303.00
186.00 302.00
188.00 300.00
190.00 299.00
192.00 297.00
194.00 296.00
196.00 295.00
198.00 293.00
198.00 293.00
198.00 293.00
198.00 293.00
198.00 293.00
198.00 293.00
198.00 293.00
198.00 293.00
198.00 293.00
198.00 293.00
198.00 293.00
198.00 294.00
198.00 294.00
198.00 294.00
198.00 294.00
198.00 294.00
198.00 294.00
198.00 294.00
198.00 294.00
198.00 294.00
198.00 294.00
198.00 294.00
198.00 294.00
198.00 294.00
198.00 294.00
198.00 294.00
198.00 294.00
198.00 294.00
198.00 294.00
198.00 294.00
198.00 294.00
198.00 294.00
198.00 294.00
198.00 294.00
198.00 294.00
198.00 294.00
198.00 294.00
198.00 294.00
198.00 294.00
198.00 294.00
198.00 294.00
198.00 294.00
198.00 294.00
198.00 294.00
198.00 294.00
195.00 296.00
193.00 298.00
190.00 300.00
187.00 302.00
185.00 304.00
182.00 306.00
180.00 308.00
177.00 310.00
175.00 311.00
172.00 313.00
170.00 315.00
168.00 317.00
166.00 319.00
163.00 321.00
161.00 322.00
159.00 324.00
157.00 326.00
155.00 328.00
153.00 329.00
151.00 331.00
149.00 333.00
147.00 334.00
145.00 336.00
143.00 337.00
142.00 339.00
140.00 341.00
138.00 342.00
136.00 344.00
135.00 345.00
133.00 347.00
132.00 348.00
130.00 349.00
129.00 351.00
127.00 352.00
126.00 354.00
124.00 355.00
123.00 356.00
121.00 358.00
120.00 359.00
120.00 359.00
120.00 359.00
121.00 358.00
121.00 358.00
121.00 358.00
121.00 358.00
121.00 358.00
122.00 357.00
122.00 357.00
122.00 357.00
122.00 357.00
122.00 357.00
123.00 356.00
123.00 356.00
123.00 356.00
123.00 356.00
124.00 356.00
124.00 355.00
124.00 355.00
124.00 355.00
125.00 355.00
125.00 354.00
125.00 354.00
125.00 354.00
126.00 354.00
126.00 353.00
126.00 353.00
127.00 353.00
127.00 353.00
127.00 352.00
127.00 352.00
128.00 352.00
128.00 351.00
128.00 351.00
129.00 351.00
129.00 351.00
129.00 350.00
130.00 350.00
130.00 350.00
130.00 349.00
131.00 349.00
131.00 349.00
131.00 348.00
132.00 348.00
132.00 348.00
132.00 347.00
133.00 347.00
133.00 347.00
134.00 346.00
134.00 346.00
134.00 346.00
135.00 345.00
135.00 345.00
136.00 345.00
136.00 344.00
136.00 344.00
137.00 343.00
137.00 343.00
138.00 343.00
138.00 342.00
139.00 342.00
139.00 342.00
139.00 341.00
140.00 341.00
140.00 340.00
141.00 340.00
141.00 340.00
142.00 339.00
142.00 339.00
143.00 338.00
143.00 338.00
144.00 337.00
144.00 337.00
145.00 337.00
145.00 336.00
146.00 336.00
146.00 335.00
147.00 335.00
147.00 334.00
148.00 334.00
148.00 333.00
149.00 333.00
150.00 332.00
150.00 332.00
151.00 332.00
151.00 331.00
152.00 331.00
152.00 330.00
153.00 330.00
154.00 329.00
154.00 329.00
155.00 328.00
155.00 328.00
156.00 327.00
157.00 327.00
157.00 326.00
158.00 325.00
159.00 325.00
159.00 324.00
160.00 324.00
161.00 323.00
161.00 323.00
162.00 322.00
163.00 322.00
163.00 321.00
164.00 321.00
165.00 320.00
166.00 319.00
166.00 319.00
167.00 318.00
168.00 318.00
168.00 317.00
169.00 317.00
170.00 316.00
171.00 315.00
171.00 315.00
172.00 314.00
173.00 314.00
174.00 313.00
175.00 312.00
175.00 312.00
176.00 311.00
177.00 310.00
178.00 310.00
179.00 309.00
180.00 309.00
180.00 308.00
181.00 307.00
182.00 307.00
183.00 306.00
183.00 306.00
183.00 306.00
183.00 306.00
182.00 306.00
182.00 307.00
182.00 307.00
182.00 307.00
182.00 307.00
182.00 307.00
181.00 307.00
181.00 307.00
181.00 307.00
181.00 307.00
181.00 308.00
181.00 308.00
181.00 308.00
181.00 308.00
180.00 308.00
180.00 308.00
180.00 308.00
180.00 308.00
180.00 308.00
180.00 308.00
180.00 308.00
180.00 309.00
180.00 309.00
179.00 309.00
179.00 309.00
179.00 309.00
179.00 309.00
179.00 309.00
179.00 309.00
179.00 309.00
179.00 309.00
179.00 309.00
179.00 309.00
179.00 309.00
178.00 309.00
178.00 309.00
178.00 310.00
178.00 310.00
178.00 310.00
178.00 310.00
178.00 310.00
178.00 310.00
178.00 310.00
178.00 310.00
178.00 310.00
178.00 310.00
178.00 310.00
178.00 310.00
178.00 310.00
178.00 310.00
178.00 310.00
178.00 310.00
178.00 310.00
178.00 310.00
178.00 310.00
178.00 310.00
178.00 310.00
177.00 310.00
177.00 310.00
177.00 310.00
177.00 310.00
177.00 310.00
177.00 310.00
177.00 310.00
177.00 310.00
177.00 310.00
177.00 310.00
177.00 310.00
178.00 310.00
178.00 310.00
178.00 310.00
178.00 310.00
178.00 310.00
178.00 310.00
178.00 310.00
178.00 310.00
178.00 310.00
178.00 310.00
178.00 310.00
178.00 310.00
178.00 310.00
178.00 310.00
178.00 310.00
178.00 310.00
178.00 310.00
178.00 310.00
178.00 310.00
178.00 310.00
178.00 310.00
178.00 309.00
178.00 309.00
178.00 309.00
179.00 309.00
179.00 309.00
179.00 309.00
179.00 309.00
179.00 309.00
179.00 309.00
179.00 309.00
179.00 309.00
179.00 309.00
179.00 309.00
179.00 309.00
180.00 309.00
180.00 309.00
180.00 308.00
180.00 308.00
180.00 308.00
180.00 308.00
180.00 308.00
180.00 308.00
180.00 308.00
181.00 308.00
181.00 308.00
181.00 308.00
181.00 308.00
181.00 307.00
181.00 307.00
181.00 307.00
182.00 307.00
182.00 307.00
182.00 307.00
182.00 307.00
182.00 307.00
182.00 307.00
182.00 306.00
183.00 306.00
183.00 306.00
183.00 306.00
183.00 306.00
183.00 306.00
183.00 306.00
184.00 306.00
184.00 305.00
184.00 305.00
184.00 305.00
184.00 305.00
184.00 305.00
185.00 305.00
185.00 305.00
185.00 304.00
185.00 304.00
185.00 304.00
186.00 304.00
186.00 304.00
186.00 304.00
186.00 304.00
187.00 303.00
187.00 303.00
187.00 303.00
187.00 303.00
187.00 303.00
188.00 303.00
188.00 302.00
188.00 302.00
188.00 302.00
189.00 302.00
189.00 302.00
189.00 302.00
189.00 301.00
190.00 301.00
190.00 301.00
190.00 301.00
190.00 301.00
191.00 300.00
191.00 300.00
191.00 300.00
191.00 300.00
192.00 300.00
192.00 299.00
192.00 299.00
192.00 299.00
193.00 299.00
193.00 299.00
193.00 298.00
194.00 298.00
194.00 298.00
194.00 298.00
194.00 298.00
195.00 297.00
195.00 297.00
195.00 297.00
196.00 297.00
196.00 297.00
196.00 296.00
196.00 296.00
197.00 296.00
197.00 296.00
197.00 295.00
198.00 295.00
198.00 295.00
198.00 295.00
199.00 294.00
199.00 294.00
199.00 294.00
200.00 294.00
200.00 294.00
200.00 293.00
201.00 293.00
201.00 293.00
201.00 293.00
202.00 292.00
202.00 292.00
202.00 292.00
203.00 292.00
203.00 291.00
204.00 291.00
204.00 291.00
204.00 291.00
205.00 290.00
205.00 290.00
205.00 290.00
205.00 290.00
204.00 290.00
204.00 291.00
204.00 291.00
204.00 291.00
203.00 291.00
203.00 291.00
203.00 291.00
203.00 292.00
203.00 292.00
202.00 292.00
202.00 292.00
202.00 292.00
202.00 292.00
202.00 292.00
202.00 292.00
201.00 293.00
201.00 293.00
201.00 293.00
201.00 293.00
201.00 293.00
200.00 293.00
200.00 293.00
200.00 294.00
200.00 294.00
200.00 294.00
200.00 294.00
199.00 294.00
199.00 294.00
199.00 294.00
199.00 294.00
199.00 294.00
199.00 295.00
198.00 295.00
198.00 295.00
198.00 295.00
198.00 295.00
198.00 295.00
198.00 295.00
198.00 295.00
197.00 295.00
197.00 296.00
197.00 296.00
197.00 296.00
197.00 296.00
197.00 296.00
197.00 296.00
197.00 296.00
196.00 296.00
196.00 296.00
196.00 296.00
196.00 296.00
196.00 296.00
196.00 297.00
196.00 297.00
196.00 297.00
196.00 297.00
195.00 297.00
195.00 297.00
195.00 297.00
195.00 297.00
195.00 297.00
195.00 297.00
195.00 297.00
195.00 297.00
195.00 297.00
195.00 297.00
195.00 298.00
194.00 298.00
194.00 298.00
194.00 298.00
194.00 298.00
194.00 298.00
194.00 298.00
194.00 298.00
194.00 298.00
194.00 298.00
194.00 298.00
194.00 298.00
194.00 298.00
194.00 298.00
194.00 298.00
194.00 298.00
194.00 298.00
194.00 298.00
193.00 298.00
193.00 298.00
193.00 298.00
193.00 298.00
193.00 298.00
193.00 298.00
193.00 299.00
193.00 299.00
193.00 299.00
193.00 299.00
193.00 299.00
193.00 299.00
193.00 299.00
193.00 299.00
193.00 299.00
193.00 299.00
193.00 299.00
193.00 299.00
193.00 299.00
193.00 299.00
193.00 299.00
193.00 299.00
193.00 299.00
193.00 299.00
193.00 299.00
193.00 299.00
193.00 299.00
193.00 299.00
193.00 299.00
193.00 299.00
193.00 299.00
193.00 299.00
193.00 299.00
193.00 299.00
193.00 299.00
193.00 298.00
193.00 298.00
193.00 298.00
193.00 298.00
193.00 298.00
194.00 298.00
194.00 298.00
194.00 298.00
194.00 298.00
194.00 298.00
194.00 298.00
194.00 298.00
194.00 298.00
194.00 298.00
194.00 298.00
192.00 299.00
190.00 301.00
188.00 302.00
186.00 304.00
184.00 305.00
182.00 307.00
180.00 308.00
178.00 310.00
176.00 311.00
174.00 312.00
172.00 314.00
171.00 315.00
169.00 316.00
167.00 318.00
165.00 319.00
164.00 320.00
162.00 322.00
160.00 323.00
159.00 324.00
157.00 326.00
156.00 327.00
154.00 328.00
152.00 329.00
151.00 331.00
149.00 332.00
148.00 333.00
147.00 334.00
145.00 335.00
144.00 337.00
142.00 338.00
141.00 339.00
140.00 340.00
138.00 341.00
137.00 342.00
136.00 343.00
135.00 345.00
133.00 346.00
132.00 347.00
131.00 348.00
130.00 349.00
129.00 350.00
127.00 351.00
126.00 352.00
125.00 353.00
124.00 354.00
123.00 355.00
122.00 356.00
121.00 357.00
120.00 358.00
119.00 359.00
118.00 360.00
117.00 360.00
116.00 361.00
115.00 362.00
114.00 363.00
113.00 364.00
113.00 365.00
112.00 366.00
111.00 367.00
110.00 367.00
109.00 368.00
108.00 369.00
108.00 370.00
107.00 371.00
106.00 371.00
105.00 372.00
105.00 373.00
104.00 374.00
103.00 374.00
102.00 375.00
102.00 376.00
101.00 377.00
100.00 377.00
100.00 378.00
99.00 379.00
98.00 379.00
98.00 380.00
97.00 381.00
96.00 381.00
96.00 382.00
95.00 383.00
95.00 383.00
94.00 384.00
93.00 385.00
93.00 385.00
92.00 386.00
92.00 386.00
91.00 387.00
91.00 388.00
90.00 388.00
90.00 389.00
89.00 389.00
89.00 390.00
88.00 390.00
88.00 391.00
87.00 391.00
87.00 392.00
86.00 393.00
86.00 393.00
85.00 394.00
85.00 394.00
85.00 395.00
84.00 395.00
84.00 395.00
83.00 396.00
83.00 396.00
82.00 397.00
82.00 397.00
82.00 398.00
81.00 398.00
81.00 399.00
81.00 399.00
80.00 400.00
80.00 400.00
79.00 400.00
79.00 401.00
79.00 401.00
78.00 402.00
78.00 402.00
78.00 402.00
77.00 403.00
77.00 403.00
77.00 403.00
77.00 404.00
76.00 404.00
76.00 405.00
76.00 405.00
75.00 405.00
75.00 406.00
75.00 406.00
74.00 406.00
74.00 407.00
74.00 407.00
74.00 407.00
73.00 408.00
73.00 408.00
73.00 408.00
73.00 408.00
72.00 409.00
72.00 409.00
72.00 409.00
72.00 410.00
71.00 410.00
71.00 410.00
71.00 410.00
71.00 411.00
71.00 411.00
70.00 411.00
70.00 411.00
70.00 412.00
70.00 412.00
70.00 412.00
69.00 412.00
69.00 413.00
69.00 413.00
69.00 413.00
69.00 413.00
68.00 414.00
68.00 414.00
68.00 414.00
68.00 414.00
68.00 414.00
68.00 415.00
67.00 415.00
67.00 415.00
67.00 415.00
67.00 415.00
67.00 416.00
67.00 416.00
67.00 416.00
66.00 416.00
66.00 416.00
66.00 416.00
66.00 417.00
66.00 417.00
66.00 417.00
66.00 417.00
66.00 417.00
65.00 417.00
65.00 417.00
65.00 418.00
65.00 418.00
65.00 418.00
65.00 418.00
65.00 418.00
65.00 418.00
65.00 418.00
64.00 418.00
64.00 419.00
64.00 419.00
64.00 419.00
64.00 419.00
64.00 419.00
64.00 419.00
64.00 419.00
64.00 419.00
64.00 419.00
64.00 420.00
64.00 420.00
64.00 420.00
63.00 420.00
63.00 420.00
63.00 420.00
63.00 420.00
63.00 420.00
63.00 420.00
63.00 420.00
63.00 420.00
63.00 420.00
63.00 420.00
63.00 420.00
63.00 420.00
63.00 420.00
63.00 421.00
63.00 421.00
63.00 421.00
63.00 421.00
63.00 421.00
63.00 421.00
63.00 421.00
63.00 421.00
63.00 421.00
63.00 421.00
63.00 421.00
63.00 421.00
63.00 421.00
63.00 421.00
63.00 421.00
63.00 421.00
63.00 421.00
