173.00 348.00
173.00 348.00
173.00 348.00
173.00 348.00
173.00 348.00
173.00 348.00
173.00 348.00
173.00 348.00
173.00 348.00
173.00 348.00
173.00 348.00
173.00 348.00
173.00 348.00
173.00 348.00
173.00 348.00
173.00 348.00
173.00 348.00
173.00 348.00
173.00 348.00
173.00 348.00
173.00 348.00
173.00 348.00
174.00 347.00
174.00 347.00
174.00 347.00
174.00 347.00
174.00 347.00
174.00 347.00
174.00 347.00
174.00 347.00
174.00 347.00
174.00 347.00
174.00 347.00
174.00 347.00
174.00 347.00
175.00 346.00
175.00 346.00
175.00 346.00
175.00 346.00
175.00 346.00
175.00 346.00
175.00 346.00
175.00 346.00
175.00 346.00
175.00 345.00
176.00 345.00
176.00 345.00
176.00 345.00
176.00 345.00
176.00 345.00
176.00 345.00
176.00 344.00
176.00 344.00
177.00 344.00
177.00 344.00
177.00 344.00
177.00 344.00
177.00 343.00
177.00 343.00
178.00 343.00
178.00 343.00
178.00 343.00
178.00 343.00
178.00 342.00
178.00 342.00
179.00 342.00
179.00 342.00
179.00 342.00
179.00 342.00
179.00 341.00
179.00 341.00
180.00 341.00
180.00 341.00
180.00 341.00
180.00 340.00
180.00 340.00
181.00 340.00
181.00 340.00
181.00 339.00
181.00 339.00
181.00 339.00
182.00 339.00
182.00 338.00
182.00 338.00
182.00 338.00
183.00 338.00
183.00 338.00
183.00 337.00
183.00 337.00
183.00 337.00
184.00 336.00
184.00 336.00
184.00 336.00
184.00 336.00
185.00 335.00
185.00 335.00
185.00 335.00
185.00 335.00
186.00 334.00
186.00 334.00
186.00 334.00
187.00 333.00
187.00 333.00
187.00 333.00
187.00 333.00
188.00 332.00
188.00 332.00
188.00 332.00
188.00 331.00
189.00 331.00
189.00 331.00
189.00 330.00
190.00 330.00
190.00 330.00
190.00 329.00
191.00 329.00
191.00 329.00
191.00 328.00
191.00 328.00
192.00 328.00
192.00 327.00
192.00 327.00
193.00 327.00
193.00 326.00
193.00 326.00
194.00 325.00
194.00 325.00
194.00 325.00
195.00 324.00
195.00 324.00
195.00 324.00
196.00 323.00
196.00 323.00
197.00 322.00
197.00 322.00
197.00 322.00
198.00 321.00
198.00 321.00
198.00 320.00
199.00 320.00
199.00 320.00
199.00 319.00
200.00 319.00
200.00 318.00
201.00 318.00
201.00 317.00
201.00 317.00
202.00 317.00
202.00 316.00
203.00 316.00
203.00 315.00
203.00 315.00
204.00 314.00
204.00 314.00
205.00 313.00
205.00 313.00
205.00 313.00
205.00 313.00
204.00 314.00
204.00 314.00
204.00 314.00
204.00 314.00
204.00 315.00
203.00 315.00
203.00 315.00
203.00 315.00
203.00 316.00
203.00 316.00
202.00 316.00
202.00 316.00
202.00 316.00
202.00 317.00
202.00 317.00
201.00 317.00
201.00 317.00
201.00 317.00
201.00 318.00
201.00 318.00
201.00 318.00
200.00 318.00
200.00 318.00
200.00 318.00
200.00 319.00
200.00 319.00
200.00 319.00
199.00 319.00
199.00 319.00
199.00 320.00
199.00 320.00
199.00 320.00
199.00 320.00
199.00 320.00
198.00 320.00
198.00 320.00
198.00 321.00
198.00 321.00
198.00 321.00
198.00 321.00
198.00 321.00
198.00 321.00
197.00 321.00
197.00 322.00
197.00 322.00
197.00 322.00
197.00 322.00
197.00 322.00
197.00 322.00
197.00 322.00
196.00 323.00
196.00 323.00
196.00 323.00
196.00 323.00
196.00 323.00
196.00 323.00
196.00 323.00
196.00 323.00
196.00 323.00
196.00 323.00
196.00 324.00
195.00 324.00
195.00 324.00
195.00 324.00
195.00 324.00
195.00 324.00
195.00 324.00
195.00 324.00
195.00 324.00
195.00 324.00
195.00 324.00
195.00 324.00
195.00 325.00
195.00 325.00
195.00 325.00
194.00 325.00
194.00 325.00
194.00 325.00
194.00 325.00
194.00 325.00
194.00 325.00
194.00 325.00
194.00 325.00
194.00 325.00
194.00 325.00
194.00 325.00
194.00 325.00
194.00 325.00
194.00 325.00
194.00 325.00
194.00 325.00
194.00 325.00
194.00 325.00
194.00 325.00
194.00 325.00
194.00 325.00
194.00 325.00
194.00 326.00
194.00 326.00
194.00 326.00
194.00 326.00
194.00 326.00
194.00 326.00
194.00 326.00
194.00 326.00
194.00 326.00
194.00 325.00
194.00 325.00
194.00 325.00
194.00 325.00
194.00 325.00
194.00 325.00
194.00 325.00
194.00 325.00
194.00 325.00
194.00 325.00
194.00 325.00
194.00 325.00
194.00 325.00
194.00 325.00
194.00 325.00
194.00 325.00
194.00 325.00
194.00 325.00
194.00 325.00
194.00 325.00
194.00 325.00
195.00 325.00
195.00 325.00
195.00 325.00
195.00 325.00
195.00 324.00
195.00 324.00
195.00 324.00
195.00 324.00
195.00 324.00
195.00 324.00
195.00 324.00
195.00 324.00
195.00 324.00
195.00 324.00
195.00 324.00
196.00 324.00
196.00 323.00
196.00 323.00
196.00 323.00
196.00 323.00
196.00 323.00
196.00 323.00
196.00 323.00
196.00 323.00
196.00 323.00
197.00 322.00
197.00 322.00
197.00 322.00
197.00 322.00
197.00 322.00
196.00 323.00
195.00 324.00
194.00 325.00
194.00 326.00
193.00 327.00
192.00 328.00
191.00 329.00
190.00 330.00
189.00 331.00
188.00 332.00
188.00 333.00
187.00 333.00
186.00 334.00
185.00 335.00
184.00 336.00
184.00 337.00
183.00 338.00
182.00 339.00
181.00 340.00
181.00 340.00
180.00 341.00
179.00 342.00
178.00 343.00
178.00 344.00
177.00 345.00
176.00 345.00
175.00 346.00
175.00 347.00
174.00 348.00
173.00 349.00
172.00 349.00
172.00 350.00
171.00 351.00
170.00 352.00
170.00 352.00
169.00 353.00
168.00 354.00
168.00 354.00
167.00 355.00
166.00 356.00
166.00 357.00
165.00 357.00
165.00 358.00
164.00 359.00
163.00 359.00
163.00 360.00
162.00 361.00
161.00 361.00
161.00 362.00
160.00 363.00
160.00 363.00
159.00 364.00
159.00 364.00
158.00 365.00
157.00 366.00
157.00 366.00
156.00 367.00
156.00 367.00
155.00 368.00
155.00 368.00
154.00 369.00
154.00 370.00
153.00 370.00
153.00 371.00
152.00 371.00
152.00 372.00
151.00 372.00
151.00 373.00
150.00 373.00
150.00 374.00
149.00 374.00
149.00 375.00
148.00 375.00
148.00 376.00
147.00 376.00
147.00 377.00
146.00 377.00
146.00 378.00
145.00 378.00
145.00 379.00
145.00 379.00
144.00 379.00
144.00 380.00
143.00 380.00
143.00 381.00
143.00 381.00
142.00 382.00
142.00 382.00
141.00 382.00
141.00 383.00
141.00 383.00
140.00 384.00
140.00 384.00
139.00 384.00
139.00 385.00
139.00 385.00
138.00 385.00
138.00 386.00
138.00 386.00
137.00 386.00
137.00 387.00
137.00 387.00
136.00 387.00
136.00 388.00
136.00 388.00
135.00 388.00
135.00 389.00
135.00 389.00
134.00 389.00
134.00 390.00
134.00 390.00
134.00 390.00
133.00 391.00
133.00 391.00
133.00 391.00
132.00 391.00
132.00 392.00
132.00 392.00
132.00 392.00
131.00 393.00
131.00 393.00
131.00 393.00
131.00 393.00
130.00 394.00
130.00 394.00
130.00 394.00
130.00 394.00
129.00 395.00
129.00 395.00
129.00 395.00
129.00 395.00
129.00 395.00
128.00 396.00
128.00 396.00
128.00 396.00
128.00 396.00
128.00 396.00
127.00 397.00
127.00 397.00
127.00 397.00
127.00 397.00
127.00 397.00
126.00 398.00
126.00 398.00
126.00 398.00
126.00 398.00
126.00 398.00
126.00 398.00
125.00 399.00
125.00 399.00
125.00 399.00
125.00 399.00
127.00 397.00
129.00 395.00
130.00 394.00
132.00 392.00
134.00 390.00
136.00 388.00
138.00 386.00
140.00 384.00
142.00 382.00
144.00 379.00
147.00 377.00
149.00 375.00
151.00 372.00
154.00 370.00
156.00 367.00
159.00 365.00
161.00 362.00
164.00 359.00
166.00 356.00
169.00 353.00
172.00 350.00
175.00 347.00
177.00 344.00
180.00 341.00
183.00 338.00
186.00 334.00
189.00 331.00
193.00 327.00
196.00 324.00
199.00 320.00
199.00 320.00
199.00 320.00
199.00 320.00
199.00 320.00
199.00 320.00
199.00 320.00
199.00 320.00
199.00 320.00
199.00 320.00
199.00 320.00
199.00 320.00
199.00 320.00
199.00 320.00
199.00 320.00
199.00 320.00
199.00 320.00
199.00 320.00
199.00 320.00
199.00 320.00
199.00 320.00
199.00 320.00
199.00 320.00
199.00 320.00
199.00 320.00
199.00 320.00
199.00 320.00
199.00 320.00
199.00 320.00
199.00 320.00
199.00 320.00
199.00 320.00
199.00 320.00
199.00 320.00
199.00 320.00
199.00 320.00
199.00 320.00
199.00 320.00
199.00 320.00
200.00 320.00
200.00 320.00
200.00 320.00
200.00 320.00
200.00 319.00
200.00 319.00
200.00 319.00
200.00 319.00
200.00 319.00
200.00 319.00
200.00 319.00
200.00 319.00
200.00 319.00
200.00 319.00
200.00 319.00
201.00 319.00
201.00 319.00
201.00 318.00
201.00 318.00
201.00 318.00
201.00 318.00
201.00 318.00
201.00 318.00
201.00 318.00
201.00 318.00
201.00 318.00
202.00 318.00
202.00 317.00
202.00 317.00
202.00 317.00
202.00 317.00
202.00 317.00
202.00 317.00
202.00 317.00
202.00 317.00
203.00 317.00
203.00 316.00
203.00 316.00
203.00 316.00
203.00 316.00
203.00 316.00
203.00 316.00
203.00 316.00
204.00 315.00
204.00 315.00
204.00 315.00
204.00 315.00
203.00 316.00
203.00 316.00
202.00 317.00
201.00 318.00
201.00 319.00
200.00 319.00
200.00 320.00
199.00 321.00
198.00 321.00
198.00 322.00
197.00 323.00
196.00 323.00
196.00 324.00
195.00 325.00
195.00 325.00
194.00 326.00
194.00 327.00
193.00 327.00
192.00 328.00
192.00 329.00
191.00 329.00
191.00 330.00
190.00 330.00
190.00 331.00
189.00 332.00
188.00 332.00
188.00 333.00
187.00 333.00
187.00 334.00
186.00 335.00
186.00 335.00
185.00 336.00
185.00 336.00
184.00 337.00
184.00 337.00
183.00 338.00
183.00 339.00
182.00 339.00
182.00 340.00
181.00 340.00
181.00 341.00
180.00 341.00
180.00 342.00
179.00 342.00
179.00 343.00
178.00 343.00
178.00 344.00
177.00 344.00
177.00 345.00
176.00 345.00
176.00 346.00
175.00 346.00
175.00 347.00
175.00 347.00
174.00 348.00
174.00 348.00
173.00 349.00
173.00 349.00
172.00 350.00
172.00 350.00
172.00 350.00
171.00 351.00
171.00 351.00
170.00 352.00
170.00 352.00
170.00 353.00
169.00 353.00
169.00 353.00
168.00 354.00
168.00 354.00
168.00 355.00
167.00 355.00
167.00 355.00
166.00 356.00
166.00 356.00
166.00 357.00
165.00 357.00
165.00 357.00
165.00 358.00
164.00 358.00
164.00 358.00
164.00 359.00
163.00 359.00
163.00 359.00
163.00 360.00
162.00 360.00
162.00 360.00
162.00 361.00
161.00 361.00
161.00 361.00
161.00 362.00
160.00 362.00
160.00 362.00
160.00 363.00
160.00 363.00
159.00 363.00
159.00 364.00
159.00 364.00
158.00 364.00
158.00 364.00
158.00 365.00
158.00 365.00
157.00 365.00
157.00 365.00
157.00 366.00
157.00 366.00
156.00 366.00
156.00 367.00
156.00 367.00
156.00 367.00
155.00 367.00
155.00 367.00
155.00 368.00
155.00 368.00
155.00 368.00
154.00 368.00
154.00 369.00
154.00 369.00
154.00 369.00
153.00 369.00
153.00 369.00
153.00 370.00
153.00 370.00
153.00 370.00
152.00 370.00
152.00 370.00
152.00 371.00
152.00 371.00
152.00 371.00
152.00 371.00
151.00 371.00
151.00 372.00
151.00 372.00
151.00 372.00
151.00 372.00
151.00 372.00
150.00 372.00
150.00 372.00
150.00 373.00
150.00 373.00
150.00 373.00
150.00 373.00
150.00 373.00
149.00 373.00
149.00 373.00
149.00 374.00
149.00 374.00
149.00 374.00
149.00 374.00
149.00 374.00
149.00 374.00
149.00 374.00
148.00 374.00
148.00 374.00
148.00 375.00
148.00 375.00
148.00 375.00
148.00 375.00
148.00 375.00
148.00 375.00
148.00 375.00
148.00 375.00
148.00 375.00
148.00 375.00
147.00 375.00
147.00 375.00
147.00 375.00
147.00 376.00
147.00 376.00
147.00 376.00
147.00 376.00
147.00 376.00
147.00 376.00
147.00 376.00
147.00 376.00
147.00 376.00
147.00 376.00
147.00 376.00
147.00 376.00
147.00 376.00
147.00 376.00
147.00 376.00
147.00 376.00
147.00 376.00
147.00 376.00
147.00 376.00
147.00 376.00
147.00 376.00
147.00 376.00
147.00 376.00
147.00 376.00
147.00 376.00
147.00 376.00
147.00 376.00
147.00 376.00
147.00 376.00
147.00 376.00
147.00 376.00
147.00 376.00
147.00 376.00
147.00 376.00
147.00 376.00
147.00 376.00
147.00 375.00
147.00 375.00
147.00 375.00
147.00 375.00
147.00 375.00
148.00 375.00
148.00 375.00
148.00 375.00
148.00 375.00
148.00 375.00
148.00 375.00
148.00 375.00
148.00 375.00
148.00 374.00
148.00 374.00
148.00 374.00
148.00 374.00
149.00 374.00
149.00 374.00
149.00 374.00
149.00 374.00
149.00 374.00
149.00 373.00
149.00 373.00
149.00 373.00
150.00 373.00
150.00 373.00
150.00 373.00
150.00 373.00
150.00 372.00
150.00 372.00
150.00 372.00
151.00 372.00
151.00 372.00
151.00 372.00
151.00 372.00
151.00 371.00
151.00 371.00
151.00 371.00
152.00 371.00
152.00 371.00
152.00 370.00
152.00 370.00
152.00 370.00
153.00 370.00
153.00 370.00
153.00 369.00
153.00 369.00
153.00 369.00
154.00 369.00
154.00 369.00
154.00 368.00
154.00 368.00
154.00 368.00
155.00 368.00
155.00 367.00
155.00 367.00
155.00 367.00
156.00 367.00
156.00 367.00
156.00 366.00
156.00 366.00
157.00 366.00
157.00 365.00
157.00 365.00
157.00 365.00
158.00 365.00
158.00 364.00
158.00 364.00
158.00 364.00
159.00 364.00
159.00 363.00
159.00 363.00
159.00 363.00
160.00 362.00
160.00 362.00
160.00 362.00
161.00 361.00
161.00 361.00
161.00 361.00
162.00 360.00
162.00 360.00
162.00 360.00
163.00 359.00
163.00 359.00
163.00 359.00
164.00 358.00
164.00 358.00
164.00 358.00
165.00 357.00
165.00 357.00
165.00 357.00
166.00 356.00
166.00 356.00
166.00 355.00
167.00 355.00
167.00 355.00
167.00 354.00
168.00 354.00
168.00 353.00
169.00 353.00
169.00 353.00
169.00 352.00
170.00 352.00
170.00 351.00
171.00 351.00
171.00 350.00
171.00 350.00
172.00 350.00
172.00 349.00
173.00 349.00
173.00 348.00
173.00 348.00
174.00 347.00
174.00 347.00
175.00 346.00
175.00 346.00
176.00 345.00
176.00 345.00
177.00 344.00
177.00 344.00
178.00 343.00
178.00 343.00
178.00 342.00
179.00 342.00
179.00 341.00
180.00 341.00
180.00 340.00
181.00 340.00
181.00 339.00
182.00 339.00
182.00 338.00
183.00 337.00
183.00 337.00
184.00 336.00
184.00 336.00
185.00 335.00
185.00 335.00
186.00 334.00
186.00 334.00
185.00 335.00
185.00 335.00
185.00 335.00
185.00 335.00
184.00 336.00
184.00 336.00
184.00 336.00
184.00 336.00
183.00 337.00
183.00 337.00
183.00 337.00
183.00 338.00
183.00 338.00
182.00 338.00
182.00 338.00
182.00 338.00
182.00 339.00
181.00 339.00
181.00 339.00
181.00 339.00
181.00 340.00
181.00 340.00
180.00 340.00
180.00 340.00
180.00 340.00
180.00 341.00
180.00 341.00
179.00 341.00
179.00 341.00
179.00 342.00
179.00 342.00
179.00 342.00
179.00 342.00
178.00 342.00
178.00 342.00
178.00 343.00
178.00 343.00
178.00 343.00
178.00 343.00
177.00 343.00
177.00 343.00
177.00 344.00
177.00 344.00
177.00 344.00
177.00 344.00
177.00 344.00
176.00 344.00
176.00 345.00
176.00 345.00
176.00 345.00
176.00 345.00
176.00 345.00
176.00 345.00
175.00 345.00
175.00 346.00
175.00 346.00
175.00 346.00
175.00 346.00
175.00 346.00
175.00 346.00
175.00 346.00
175.00 346.00
175.00 346.00
174.00 347.00
174.00 347.00
174.00 347.00
174.00 347.00
174.00 347.00
174.00 347.00
174.00 347.00
174.00 347.00
174.00 347.00
174.00 347.00
174.00 347.00
174.00 347.00
174.00 347.00
173.00 348.00
173.00 348.00
173.00 348.00
173.00 348.00
173.00 348.00
173.00 348.00
173.00 348.00
173.00 348.00
173.00 348.00
173.00 348.00
173.00 348.00
173.00 348.00
173.00 348.00
173.00 348.00
173.00 348.00
173.00 348.00
173.00 348.00
173.00 348.00
173.00 348.00
173.00 348.00
173.00 348.00
173.00 348.00
173.00 348.00
