194.00 329.00
194.00 329.00
194.00 329.00
194.00 329.00
194.00 329.00
194.00 329.00
194.00 329.00
194.00 329.00
194.00 329.00
194.00 329.00
194.00 329.00
194.00 329.00
194.00 329.00
194.00 328.00
194.00 328.00
194.00 328.00
194.00 328.00
194.00 328.00
194.00 328.00
194.00 328.00
194.00 328.00
194.00 328.00
194.00 328.00
195.00 328.00
195.00 328.00
195.00 328.00
195.00 328.00
195.00 328.00
195.00 328.00
195.00 328.00
195.00 327.00
195.00 327.00
195.00 327.00
195.00 327.00
195.00 327.00
195.00 327.00
195.00 327.00
196.00 327.00
196.00 327.00
196.00 327.00
196.00 327.00
196.00 326.00
196.00 326.00
196.00 326.00
196.00 326.00
196.00 326.00
196.00 326.00
196.00 326.00
197.00 326.00
197.00 326.00
197.00 325.00
197.00 325.00
197.00 325.00
197.00 325.00
197.00 325.00
197.00 325.00
197.00 325.00
198.00 324.00
198.00 324.00
198.00 324.00
198.00 324.00
197.00 325.00
196.00 326.00
195.00 327.00
195.00 328.00
194.00 329.00
193.00 330.00
192.00 331.00
191.00 332.00
190.00 333.00
190.00 334.00
189.00 335.00
188.00 336.00
187.00 336.00
186.00 337.00
186.00 338.00
185.00 339.00
184.00 340.00
183.00 341.00
182.00 342.00
182.00 343.00
181.00 343.00
180.00 344.00
179.00 345.00
179.00 346.00
178.00 347.00
177.00 348.00
176.00 348.00
176.00 349.00
175.00 350.00
174.00 351.00
174.00 351.00
173.00 352.00
172.00 353.00
172.00 354.00
171.00 354.00
170.00 355.00
170.00 356.00
169.00 357.00
168.00 357.00
168.00 358.00
167.00 359.00
166.00 359.00
166.00 360.00
165.00 361.00
165.00 361.00
164.00 362.00
163.00 363.00
163.00 363.00
162.00 364.00
162.00 365.00
161.00 365.00
160.00 366.00
160.00 366.00
159.00 367.00
159.00 368.00
158.00 368.00
158.00 369.00
157.00 369.00
156.00 370.00
156.00 371.00
155.00 371.00
155.00 372.00
154.00 372.00
154.00 373.00
153.00 373.00
153.00 374.00
152.00 374.00
152.00 375.00
151.00 375.00
151.00 376.00
150.00 376.00
150.00 377.00
149.00 377.00
149.00 378.00
149.00 378.00
148.00 379.00
148.00 379.00
147.00 380.00
147.00 380.00
146.00 381.00
146.00 381.00
145.00 381.00
145.00 382.00
145.00 382.00
144.00 383.00
144.00 383.00
143.00 384.00
143.00 384.00
143.00 384.00
142.00 385.00
142.00 385.00
141.00 385.00
141.00 386.00
141.00 386.00
140.00 387.00
140.00 387.00
140.00 387.00
139.00 388.00
139.00 388.00
139.00 388.00
138.00 389.00
138.00 389.00
138.00 389.00
137.00 390.00
137.00 390.00
137.00 390.00
136.00 391.00
136.00 391.00
136.00 391.00
135.00 392.00
135.00 392.00
135.00 392.00
135.00 392.00
134.00 393.00
134.00 393.00
134.00 393.00
133.00 394.00
133.00 394.00
133.00 394.00
133.00 394.00
132.00 395.00
132.00 395.00
132.00 395.00
132.00 395.00
131.00 396.00
131.00 396.00
131.00 396.00
131.00 396.00
130.00 397.00
130.00 397.00
130.00 397.00
130.00 397.00
130.00 397.00
129.00 398.00
129.00 398.00
129.00 398.00
129.00 398.00
129.00 398.00
128.00 399.00
128.00 399.00
128.00 399.00
128.00 399.00
128.00 399.00
128.00 400.00
127.00 400.00
127.00 400.00
127.00 400.00
129.00 398.00
130.00 397.00
132.00 395.00
134.00 394.00
135.00 392.00
137.00 390.00
139.00 388.00
141.00 386.00
143.00 384.00
145.00 382.00
147.00 380.00
149.00 378.00
151.00 376.00
153.00 374.00
155.00 372.00
157.00 370.00
159.00 367.00
162.00 365.00
164.00 362.00
166.00 360.00
169.00 357.00
171.00 355.00
174.00 352.00
176.00 349.00
179.00 346.00
181.00 343.00
184.00 340.00
187.00 337.00
190.00 334.00
192.00 331.00
195.00 328.00
198.00 324.00
201.00 321.00
201.00 321.00
201.00 321.00
201.00 321.00
201.00 321.00
201.00 321.00
201.00 321.00
201.00 321.00
201.00 321.00
201.00 321.00
201.00 321.00
201.00 321.00
201.00 321.00
201.00 321.00
201.00 321.00
201.00 321.00
201.00 321.00
201.00 321.00
201.00 321.00
201.00 321.00
201.00 321.00
201.00 321.00
201.00 321.00
201.00 321.00
201.00 321.00
201.00 321.00
201.00 321.00
201.00 321.00
201.00 321.00
201.00 321.00
201.00 321.00
201.00 321.00
201.00 321.00
201.00 321.00
201.00 321.00
201.00 321.00
201.00 321.00
201.00 321.00
201.00 321.00
201.00 321.00
201.00 321.00
201.00 321.00
201.00 321.00
201.00 321.00
201.00 321.00
201.00 321.00
201.00 320.00
201.00 320.00
201.00 320.00
201.00 320.00
202.00 320.00
202.00 320.00
202.00 320.00
202.00 320.00
202.00 320.00
202.00 320.00
202.00 320.00
202.00 320.00
202.00 320.00
202.00 319.00
202.00 319.00
202.00 319.00
202.00 319.00
202.00 319.00
203.00 319.00
203.00 319.00
203.00 319.00
203.00 319.00
203.00 319.00
203.00 318.00
203.00 318.00
203.00 318.00
203.00 318.00
203.00 318.00
203.00 318.00
204.00 318.00
204.00 318.00
204.00 317.00
204.00 317.00
204.00 317.00
204.00 317.00
204.00 317.00
204.00 317.00
205.00 317.00
205.00 316.00
205.00 316.00
205.00 316.00
205.00 316.00
204.00 317.00
204.00 317.00
203.00 318.00
203.00 319.00
202.00 320.00
201.00 320.00
201.00 321.00
200.00 322.00
199.00 322.00
199.00 323.00
198.00 324.00
198.00 324.00
197.00 325.00
197.00 326.00
196.00 326.00
195.00 327.00
195.00 328.00
194.00 328.00
194.00 329.00
193.00 330.00
193.00 330.00
192.00 331.00
192.00 332.00
191.00 332.00
190.00 333.00
190.00 333.00
189.00 334.00
189.00 335.00
188.00 335.00
188.00 336.00
187.00 336.00
187.00 337.00
186.00 338.00
186.00 338.00
185.00 339.00
185.00 339.00
184.00 340.00
184.00 340.00
183.00 341.00
183.00 341.00
182.00 342.00
182.00 343.00
181.00 343.00
181.00 344.00
180.00 344.00
180.00 345.00
179.00 345.00
179.00 346.00
179.00 346.00
178.00 347.00
178.00 347.00
177.00 348.00
177.00 348.00
176.00 349.00
176.00 349.00
176.00 350.00
175.00 350.00
175.00 350.00
174.00 351.00
174.00 351.00
173.00 352.00
173.00 352.00
173.00 353.00
172.00 353.00
172.00 354.00
172.00 354.00
171.00 354.00
171.00 355.00
170.00 355.00
170.00 356.00
170.00 356.00
169.00 356.00
169.00 357.00
169.00 357.00
168.00 358.00
168.00 358.00
167.00 358.00
167.00 359.00
167.00 359.00
166.00 359.00
166.00 360.00
166.00 360.00
165.00 360.00
165.00 361.00
165.00 361.00
165.00 362.00
164.00 362.00
164.00 362.00
164.00 362.00
163.00 363.00
163.00 363.00
163.00 363.00
162.00 364.00
162.00 364.00
162.00 364.00
162.00 365.00
161.00 365.00
161.00 365.00
161.00 366.00
160.00 366.00
160.00 366.00
160.00 366.00
160.00 367.00
159.00 367.00
159.00 367.00
159.00 367.00
159.00 368.00
158.00 368.00
158.00 368.00
158.00 368.00
158.00 369.00
158.00 369.00
157.00 369.00
157.00 369.00
157.00 370.00
157.00 370.00
156.00 370.00
156.00 370.00
156.00 371.00
156.00 371.00
156.00 371.00
155.00 371.00
155.00 371.00
155.00 372.00
155.00 372.00
155.00 372.00
155.00 372.00
154.00 372.00
154.00 373.00
154.00 373.00
154.00 373.00
154.00 373.00
154.00 373.00
153.00 373.00
153.00 374.00
153.00 374.00
153.00 374.00
153.00 374.00
153.00 374.00
153.00 374.00
152.00 374.00
152.00 375.00
152.00 375.00
152.00 375.00
152.00 375.00
152.00 375.00
152.00 375.00
152.00 375.00
151.00 375.00
151.00 376.00
151.00 376.00
151.00 376.00
151.00 376.00
151.00 376.00
151.00 376.00
151.00 376.00
151.00 376.00
151.00 376.00
150.00 376.00
150.00 376.00
150.00 377.00
150.00 377.00
150.00 377.00
150.00 377.00
150.00 377.00
150.00 377.00
150.00 377.00
150.00 377.00
150.00 377.00
150.00 377.00
150.00 377.00
150.00 377.00
150.00 377.00
150.00 377.00
150.00 377.00
150.00 377.00
150.00 377.00
150.00 377.00
150.00 377.00
149.00 377.00
149.00 377.00
149.00 377.00
149.00 377.00
149.00 377.00
149.00 377.00
149.00 377.00
149.00 377.00
149.00 377.00
149.00 377.00
149.00 377.00
150.00 377.00
150.00 377.00
150.00 377.00
150.00 377.00
150.00 377.00
150.00 377.00
150.00 377.00
150.00 377.00
150.00 377.00
150.00 377.00
150.00 377.00
150.00 377.00
150.00 377.00
150.00 377.00
150.00 377.00
150.00 377.00
150.00 377.00
150.00 377.00
150.00 377.00
150.00 377.00
150.00 376.00
151.00 376.00
151.00 376.00
151.00 376.00
151.00 376.00
151.00 376.00
151.00 376.00
151.00 376.00
151.00 376.00
151.00 376.00
151.00 376.00
151.00 375.00
152.00 375.00
152.00 375.00
152.00 375.00
152.00 375.00
152.00 375.00
152.00 375.00
152.00 375.00
152.00 374.00
153.00 374.00
153.00 374.00
153.00 374.00
153.00 374.00
153.00 374.00
153.00 374.00
153.00 373.00
154.00 373.00
154.00 373.00
154.00 373.00
154.00 373.00
154.00 373.00
154.00 372.00
155.00 372.00
155.00 372.00
155.00 372.00
155.00 372.00
155.00 371.00
156.00 371.00
156.00 371.00
156.00 371.00
156.00 371.00
156.00 370.00
157.00 370.00
157.00 370.00
157.00 370.00
157.00 369.00
157.00 369.00
158.00 369.00
158.00 369.00
158.00 368.00
158.00 368.00
159.00 368.00
159.00 368.00
159.00 367.00
159.00 367.00
160.00 367.00
160.00 367.00
160.00 366.00
160.00 366.00
161.00 366.00
161.00 366.00
161.00 365.00
161.00 365.00
162.00 365.00
162.00 364.00
162.00 364.00
163.00 364.00
163.00 363.00
163.00 363.00
163.00 363.00
164.00 363.00
164.00 362.00
164.00 362.00
165.00 362.00
165.00 361.00
165.00 361.00
166.00 360.00
166.00 360.00
166.00 360.00
167.00 359.00
167.00 359.00
167.00 359.00
168.00 358.00
168.00 358.00
168.00 358.00
169.00 357.00
169.00 357.00
169.00 356.00
170.00 356.00
170.00 356.00
171.00 355.00
171.00 355.00
171.00 354.00
172.00 354.00
172.00 354.00
172.00 353.00
173.00 353.00
173.00 352.00
174.00 352.00
174.00 351.00
174.00 351.00
175.00 350.00
175.00 350.00
176.00 350.00
176.00 349.00
177.00 349.00
177.00 348.00
177.00 348.00
178.00 347.00
178.00 347.00
179.00 346.00
179.00 346.00
180.00 345.00
180.00 345.00
181.00 344.00
181.00 344.00
182.00 343.00
182.00 343.00
183.00 342.00
183.00 341.00
183.00 341.00
184.00 340.00
184.00 340.00
185.00 339.00
185.00 339.00
186.00 338.00
186.00 338.00
187.00 337.00
187.00 337.00
186.00 338.00
186.00 338.00
186.00 338.00
186.00 338.00
185.00 339.00
185.00 339.00
185.00 339.00
185.00 340.00
184.00 340.00
184.00 340.00
184.00 340.00
184.00 341.00
183.00 341.00
183.00 341.00
183.00 341.00
183.00 342.00
183.00 342.00
182.00 342.00
182.00 342.00
182.00 343.00
182.00 343.00
181.00 343.00
181.00 343.00
181.00 344.00
181.00 344.00
181.00 344.00
180.00 344.00
180.00 345.00
180.00 345.00
180.00 345.00
180.00 345.00
179.00 345.00
179.00 346.00
179.00 346.00
179.00 346.00
179.00 346.00
179.00 346.00
178.00 347.00
178.00 347.00
178.00 347.00
178.00 347.00
178.00 347.00
178.00 347.00
177.00 348.00
177.00 348.00
177.00 348.00
177.00 348.00
177.00 348.00
177.00 348.00
177.00 349.00
176.00 349.00
176.00 349.00
176.00 349.00
176.00 349.00
176.00 349.00
176.00 349.00
176.00 349.00
176.00 350.00
175.00 350.00
175.00 350.00
175.00 350.00
175.00 350.00
175.00 350.00
175.00 350.00
175.00 350.00
175.00 350.00
175.00 351.00
175.00 351.00
174.00 351.00
174.00 351.00
174.00 351.00
174.00 351.00
174.00 351.00
174.00 351.00
174.00 351.00
174.00 351.00
174.00 351.00
174.00 351.00
174.00 352.00
174.00 352.00
174.00 352.00
174.00 352.00
174.00 352.00
173.00 352.00
173.00 352.00
173.00 352.00
173.00 352.00
173.00 352.00
173.00 352.00
173.00 352.00
173.00 352.00
173.00 352.00
173.00 352.00
173.00 352.00
173.00 352.00
173.00 352.00
173.00 352.00
173.00 352.00
173.00 352.00
173.00 352.00
173.00 352.00
173.00 352.00
173.00 352.00
173.00 352.00
173.00 352.00
173.00 352.00
173.00 352.00
173.00 352.00
173.00 352.00
173.00 352.00
173.00 352.00
173.00 352.00
173.00 352.00
173.00 352.00
173.00 352.00
173.00 352.00
173.00 352.00
173.00 352.00
173.00 352.00
174.00 352.00
174.00 352.00
174.00 352.00
174.00 352.00
174.00 352.00
174.00 351.00
174.00 351.00
174.00 351.00
174.00 351.00
174.00 351.00
174.00 351.00
174.00 351.00
174.00 351.00
174.00 351.00
174.00 351.00
175.00 351.00
175.00 351.00
175.00 350.00
175.00 350.00
175.00 350.00
175.00 350.00
175.00 350.00
175.00 350.00
175.00 350.00
175.00 350.00
175.00 350.00
176.00 349.00
176.00 349.00
176.00 349.00
176.00 349.00
176.00 349.00
176.00 349.00
176.00 349.00
176.00 348.00
177.00 348.00
177.00 348.00
177.00 348.00
177.00 348.00
177.00 348.00
177.00 347.00
177.00 347.00
178.00 347.00
178.00 347.00
178.00 347.00
178.00 347.00
178.00 346.00
178.00 346.00
179.00 346.00
179.00 346.00
179.00 346.00
179.00 345.00
179.00 345.00
179.00 345.00
180.00 345.00
180.00 345.00
180.00 344.00
180.00 344.00
180.00 344.00
181.00 344.00
181.00 344.00
181.00 343.00
181.00 343.00
181.00 343.00
182.00 343.00
182.00 342.00
182.00 342.00
182.00 342.00
183.00 342.00
183.00 341.00
183.00 341.00
183.00 341.00
183.00 341.00
184.00 340.00
184.00 340.00
184.00 340.00
184.00 339.00
185.00 339.00
185.00 339.00
185.00 339.00
185.00 338.00
186.00 338.00
186.00 338.00
186.00 337.00
186.00 337.00
187.00 337.00
187.00 337.00
187.00 336.00
188.00 336.00
188.00 336.00
188.00 335.00
188.00 335.00
189.00 335.00
189.00 334.00
189.00 334.00
190.00 334.00
190.00 333.00
190.00 333.00
191.00 333.00
191.00 332.00
191.00 332.00
191.00 332.00
192.00 331.00
192.00 331.00
192.00 330.00
193.00 330.00
193.00 330.00
193.00 329.00
194.00 329.00
194.00 329.00
194.00 328.00
195.00 328.00
195.00 327.00
195.00 327.00
196.00 327.00
196.00 326.00
196.00 326.00
197.00 325.00
197.00 325.00
197.00 325.00
198.00 324.00
198.00 324.00
199.00 323.00
199.00 323.00
199.00 322.00
200.00 322.00
200.00 322.00
200.00 321.00
201.00 321.00
201.00 320.00
202.00 320.00
202.00 319.00
202.00 319.00
203.00 318.00
203.00 318.00
204.00 317.00
204.00 317.00
204.00 317.00
204.00 317.00
203.00 318.00
203.00 318.00
203.00 318.00
203.00 318.00
203.00 319.00
202.00 319.00
202.00 319.00
202.00 319.00
202.00 319.00
202.00 320.00
202.00 320.00
201.00 320.00
201.00 320.00
201.00 321.00
201.00 321.00
201.00 321.00
200.00 321.00
200.00 321.00
200.00 321.00
200.00 322.00
200.00 322.00
200.00 322.00
200.00 322.00
199.00 322.00
199.00 323.00
199.00 323.00
199.00 323.00
199.00 323.00
199.00 323.00
198.00 323.00
198.00 324.00
198.00 324.00
198.00 324.00
198.00 324.00
198.00 324.00
198.00 324.00
198.00 324.00
197.00 325.00
197.00 325.00
197.00 325.00
197.00 325.00
197.00 325.00
197.00 325.00
197.00 325.00
197.00 326.00
197.00 326.00
196.00 326.00
196.00 326.00
196.00 326.00
196.00 326.00
196.00 326.00
196.00 326.00
196.00 326.00
196.00 327.00
196.00 327.00
196.00 327.00
195.00 327.00
195.00 327.00
195.00 327.00
195.00 327.00
195.00 327.00
195.00 327.00
195.00 327.00
195.00 327.00
195.00 328.00
195.00 328.00
195.00 328.00
195.00 328.00
195.00 328.00
195.00 328.00
194.00 328.00
194.00 328.00
194.00 328.00
194.00 328.00
194.00 328.00
194.00 328.00
194.00 328.00
194.00 328.00
194.00 328.00
194.00 328.00
194.00 328.00
194.00 329.00
194.00 329.00
194.00 329.00
194.00 329.00
194.00 329.00
194.00 329.00
194.00 329.00
194.00 329.00
194.00 329.00
194.00 329.00
194.00 329.00
194.00 329.00
194.00 329.00
194.00 329.00
194.00 329.00
194.00 329.00
194.00 329.00
194.00 329.00
