173.00 396.00
173.00 396.00
173.00 396.00
173.00 396.00
173.00 396.00
173.00 396.00
173.00 396.00
173.00 396.00
173.00 396.00
173.00 396.00
173.00 396.00
173.00 396.00
173.00 396.00
173.00 396.00
173.00 396.00
173.00 396.00
173.00 395.00
173.00 395.00
173.00 395.00
173.00 395.00
173.00 395.00
173.00 395.00
173.00 395.00
173.00 395.00
173.00 395.00
173.00 395.00
174.00 395.00
174.00 395.00
174.00 395.00
174.00 394.00
174.00 394.00
174.00 394.00
174.00 394.00
174.00 394.00
174.00 394.00
174.00 394.00
174.00 394.00
174.00 394.00
175.00 393.00
175.00 393.00
175.00 393.00
175.00 393.00
175.00 393.00
175.00 393.00
175.00 393.00
175.00 393.00
176.00 392.00
176.00 392.00
176.00 392.00
176.00 392.00
176.00 392.00
176.00 392.00
176.00 391.00
176.00 391.00
177.00 391.00
177.00 391.00
177.00 391.00
177.00 391.00
177.00 390.00
177.00 390.00
178.00 390.00
178.00 390.00
178.00 390.00
178.00 389.00
178.00 389.00
178.00 389.00
179.00 389.00
179.00 388.00
179.00 388.00
179.00 388.00
179.00 388.00
179.00 387.00
180.00 387.00
180.00 387.00
180.00 387.00
180.00 386.00
180.00 386.00
181.00 386.00
181.00 386.00
181.00 385.00
181.00 385.00
182.00 385.00
182.00 385.00
182.00 384.00
182.00 384.00
182.00 384.00
183.00 383.00
183.00 383.00
183.00 383.00
183.00 383.00
184.00 382.00
184.00 382.00
184.00 382.00
184.00 381.00
185.00 381.00
185.00 381.00
185.00 380.00
185.00 380.00
186.00 380.00
186.00 379.00
186.00 379.00
186.00 378.00
187.00 378.00
187.00 378.00
187.00 377.00
188.00 377.00
188.00 377.00
188.00 376.00
188.00 376.00
189.00 375.00
189.00 375.00
189.00 375.00
190.00 374.00
190.00 374.00
190.00 373.00
191.00 373.00
191.00 372.00
191.00 372.00
191.00 372.00
192.00 371.00
192.00 371.00
192.00 370.00
193.00 370.00
193.00 369.00
193.00 369.00
194.00 368.00
194.00 368.00
194.00 367.00
195.00 367.00
195.00 366.00
195.00 366.00
196.00 365.00
196.00 365.00
197.00 364.00
197.00 364.00
197.00 363.00
198.00 363.00
198.00 362.00
198.00 361.00
199.00 361.00
199.00 360.00
200.00 360.00
200.00 359.00
200.00 359.00
201.00 358.00
201.00 357.00
201.00 357.00
202.00 356.00
202.00 356.00
203.00 355.00
203.00 354.00
203.00 354.00
204.00 353.00
204.00 352.00
205.00 352.00
205.00 351.00
205.00 350.00
206.00 350.00
206.00 349.00
207.00 348.00
207.00 348.00
208.00 347.00
208.00 346.00
208.00 345.00
209.00 345.00
209.00 344.00
210.00 343.00
210.00 343.00
211.00 342.00
211.00 341.00
212.00 340.00
212.00 340.00
212.00 339.00
213.00 338.00
213.00 337.00
214.00 336.00
214.00 336.00
215.00 335.00
215.00 334.00
216.00 333.00
216.00 332.00
217.00 331.00
217.00 331.00
218.00 330.00
218.00 329.00
219.00 328.00
219.00 327.00
220.00 326.00
220.00 325.00
221.00 325.00
221.00 324.00
222.00 323.00
222.00 322.00
223.00 321.00
223.00 320.00
223.00 320.00
223.00 320.00
223.00 320.00
223.00 321.00
223.00 321.00
223.00 321.00
223.00 321.00
222.00 321.00
222.00 321.00
222.00 321.00
222.00 321.00
222.00 322.00
222.00 322.00
222.00 322.00
222.00 322.00
222.00 322.00
222.00 322.00
222.00 322.00
222.00 322.00
222.00 322.00
222.00 322.00
222.00 323.00
222.00 323.00
222.00 323.00
222.00 323.00
221.00 323.00
221.00 323.00
221.00 323.00
221.00 323.00
221.00 323.00
221.00 323.00
221.00 323.00
221.00 323.00
221.00 323.00
221.00 324.00
221.00 324.00
221.00 324.00
221.00 324.00
221.00 324.00
221.00 324.00
221.00 324.00
221.00 324.00
221.00 324.00
221.00 324.00
221.00 324.00
221.00 324.00
221.00 324.00
221.00 324.00
221.00 324.00
221.00 324.00
221.00 324.00
221.00 324.00
221.00 324.00
221.00 324.00
221.00 324.00
221.00 324.00
221.00 324.00
221.00 324.00
221.00 324.00
221.00 324.00
221.00 324.00
221.00 324.00
221.00 324.00
221.00 324.00
221.00 324.00
221.00 324.00
221.00 324.00
221.00 324.00
221.00 324.00
221.00 324.00
221.00 324.00
221.00 324.00
221.00 324.00
221.00 324.00
221.00 324.00
221.00 324.00
221.00 324.00
221.00 324.00
221.00 324.00
221.00 324.00
221.00 324.00
221.00 324.00
221.00 324.00
221.00 324.00
221.00 324.00
221.00 324.00
221.00 324.00
221.00 324.00
221.00 324.00
221.00 323.00
221.00 323.00
221.00 323.00
221.00 323.00
222.00 323.00
222.00 323.00
222.00 323.00
222.00 323.00
222.00 323.00
222.00 323.00
222.00 323.00
222.00 323.00
222.00 323.00
222.00 322.00
222.00 322.00
222.00 322.00
222.00 322.00
222.00 322.00
222.00 322.00
222.00 322.00
222.00 322.00
222.00 322.00
222.00 321.00
223.00 321.00
223.00 321.00
223.00 321.00
223.00 321.00
223.00 321.00
223.00 321.00
223.00 321.00
223.00 320.00
223.00 320.00
223.00 320.00
223.00 320.00
223.00 320.00
223.00 320.00
224.00 320.00
224.00 319.00
224.00 319.00
224.00 319.00
224.00 319.00
224.00 319.00
224.00 319.00
224.00 319.00
224.00 318.00
224.00 318.00
224.00 318.00
225.00 318.00
225.00 318.00
225.00 318.00
225.00 317.00
225.00 317.00
225.00 317.00
225.00 318.00
224.00 318.00
224.00 319.00
224.00 320.00
223.00 320.00
223.00 321.00
223.00 321.00
222.00 322.00
222.00 323.00
222.00 323.00
221.00 324.00
221.00 324.00
221.00 325.00
220.00 325.00
220.00 326.00
220.00 327.00
219.00 327.00
219.00 328.00
219.00 328.00
219.00 329.00
218.00 329.00
218.00 330.00
218.00 331.00
217.00 331.00
217.00 332.00
217.00 332.00
216.00 333.00
216.00 333.00
216.00 334.00
216.00 334.00
215.00 335.00
215.00 335.00
215.00 336.00
214.00 336.00
214.00 337.00
214.00 337.00
214.00 338.00
213.00 338.00
213.00 339.00
213.00 339.00
212.00 340.00
212.00 340.00
212.00 340.00
212.00 341.00
211.00 341.00
211.00 342.00
211.00 342.00
211.00 343.00
210.00 343.00
210.00 344.00
210.00 344.00
210.00 344.00
209.00 345.00
209.00 345.00
209.00 346.00
209.00 346.00
208.00 346.00
208.00 347.00
208.00 347.00
208.00 348.00
207.00 348.00
207.00 348.00
207.00 349.00
207.00 349.00
207.00 349.00
206.00 350.00
206.00 350.00
206.00 351.00
206.00 351.00
205.00 351.00
205.00 352.00
205.00 352.00
205.00 352.00
205.00 353.00
204.00 353.00
204.00 353.00
204.00 354.00
204.00 354.00
204.00 354.00
203.00 355.00
203.00 355.00
203.00 355.00
203.00 355.00
203.00 356.00
202.00 356.00
202.00 356.00
202.00 357.00
202.00 357.00
202.00 357.00
201.00 357.00
201.00 358.00
201.00 358.00
201.00 358.00
201.00 359.00
201.00 359.00
200.00 359.00
200.00 359.00
200.00 360.00
200.00 360.00
200.00 360.00
200.00 360.00
200.00 361.00
199.00 361.00
199.00 361.00
199.00 361.00
199.00 361.00
199.00 362.00
199.00 362.00
199.00 362.00
198.00 362.00
198.00 362.00
198.00 363.00
198.00 363.00
198.00 363.00
198.00 363.00
198.00 363.00
197.00 364.00
197.00 364.00
197.00 364.00
197.00 364.00
197.00 364.00
197.00 364.00
197.00 365.00
197.00 365.00
197.00 365.00
196.00 365.00
196.00 365.00
196.00 365.00
196.00 366.00
196.00 366.00
196.00 366.00
196.00 366.00
196.00 366.00
196.00 366.00
196.00 366.00
196.00 366.00
195.00 367.00
195.00 367.00
195.00 367.00
195.00 367.00
195.00 367.00
195.00 367.00
195.00 367.00
195.00 367.00
195.00 367.00
195.00 368.00
195.00 368.00
195.00 368.00
195.00 368.00
195.00 368.00
195.00 368.00
195.00 368.00
194.00 368.00
194.00 368.00
194.00 368.00
194.00 368.00
194.00 368.00
194.00 368.00
194.00 368.00
194.00 368.00
194.00 369.00
194.00 369.00
194.00 369.00
194.00 369.00
194.00 369.00
194.00 369.00
194.00 369.00
194.00 369.00
194.00 369.00
194.00 369.00
194.00 369.00
194.00 369.00
194.00 369.00
194.00 369.00
194.00 369.00
194.00 369.00
194.00 369.00
194.00 369.00
194.00 369.00
194.00 369.00
194.00 369.00
194.00 369.00
194.00 369.00
194.00 369.00
194.00 369.00
194.00 369.00
194.00 369.00
194.00 369.00
194.00 369.00
194.00 369.00
194.00 368.00
194.00 368.00
194.00 368.00
194.00 368.00
194.00 368.00
194.00 368.00
194.00 368.00
195.00 368.00
195.00 368.00
195.00 368.00
195.00 368.00
195.00 368.00
195.00 368.00
195.00 368.00
195.00 368.00
195.00 367.00
195.00 367.00
195.00 367.00
195.00 367.00
195.00 367.00
195.00 367.00
195.00 367.00
195.00 367.00
196.00 367.00
196.00 366.00
196.00 366.00
196.00 366.00
196.00 366.00
196.00 366.00
196.00 366.00
196.00 366.00
196.00 366.00
196.00 365.00
196.00 365.00
197.00 365.00
197.00 365.00
197.00 365.00
197.00 365.00
197.00 364.00
197.00 364.00
197.00 364.00
197.00 364.00
197.00 364.00
198.00 364.00
198.00 363.00
198.00 363.00
198.00 363.00
197.00 364.00
196.00 365.00
196.00 366.00
195.00 368.00
194.00 369.00
193.00 370.00
193.00 371.00
192.00 372.00
191.00 373.00
190.00 374.00
190.00 375.00
189.00 376.00
188.00 377.00
187.00 378.00
187.00 379.00
186.00 380.00
185.00 381.00
185.00 382.00
184.00 383.00
183.00 383.00
183.00 384.00
182.00 385.00
181.00 386.00
181.00 387.00
180.00 388.00
179.00 389.00
179.00 389.00
178.00 390.00
177.00 391.00
177.00 392.00
176.00 392.00
175.00 393.00
175.00 394.00
174.00 395.00
174.00 395.00
173.00 396.00
172.00 397.00
172.00 397.00
171.00 398.00
171.00 399.00
170.00 399.00
169.00 400.00
169.00 401.00
168.00 401.00
168.00 402.00
167.00 403.00
167.00 403.00
166.00 404.00
165.00 404.00
165.00 405.00
164.00 406.00
164.00 406.00
163.00 407.00
163.00 407.00
162.00 408.00
162.00 408.00
161.00 409.00
161.00 409.00
160.00 410.00
160.00 410.00
159.00 411.00
159.00 411.00
158.00 412.00
158.00 412.00
157.00 413.00
157.00 413.00
157.00 414.00
156.00 414.00
156.00 415.00
155.00 415.00
155.00 415.00
154.00 416.00
154.00 416.00
153.00 417.00
153.00 417.00
153.00 417.00
152.00 418.00
152.00 418.00
151.00 419.00
151.00 419.00
151.00 419.00
150.00 420.00
150.00 420.00
149.00 420.00
149.00 421.00
149.00 421.00
148.00 421.00
148.00 422.00
148.00 422.00
147.00 422.00
147.00 423.00
147.00 423.00
146.00 423.00
146.00 424.00
146.00 424.00
145.00 424.00
145.00 425.00
145.00 425.00
144.00 425.00
144.00 425.00
144.00 426.00
143.00 426.00
143.00 426.00
143.00 427.00
142.00 427.00
142.00 427.00
142.00 427.00
142.00 428.00
141.00 428.00
141.00 428.00
141.00 428.00
141.00 428.00
140.00 429.00
140.00 429.00
140.00 429.00
140.00 429.00
139.00 430.00
139.00 430.00
139.00 430.00
139.00 430.00
138.00 430.00
138.00 431.00
138.00 431.00
138.00 431.00
137.00 431.00
137.00 431.00
137.00 432.00
137.00 432.00
137.00 432.00
136.00 432.00
136.00 432.00
136.00 432.00
136.00 433.00
136.00 433.00
135.00 433.00
135.00 433.00
135.00 433.00
135.00 433.00
135.00 433.00
135.00 434.00
134.00 434.00
134.00 434.00
134.00 434.00
134.00 434.00
134.00 434.00
134.00 434.00
133.00 434.00
133.00 435.00
133.00 435.00
133.00 435.00
133.00 435.00
133.00 435.00
133.00 435.00
133.00 435.00
132.00 435.00
132.00 435.00
132.00 435.00
132.00 436.00
132.00 436.00
132.00 436.00
132.00 436.00
132.00 436.00
132.00 436.00
132.00 436.00
131.00 436.00
131.00 436.00
131.00 436.00
131.00 436.00
131.00 436.00
131.00 436.00
131.00 436.00
131.00 436.00
131.00 436.00
131.00 437.00
131.00 437.00
131.00 437.00
131.00 437.00
131.00 437.00
131.00 437.00
131.00 437.00
130.00 437.00
130.00 437.00
130.00 437.00
130.00 437.00
130.00 437.00
130.00 437.00
130.00 437.00
130.00 437.00
130.00 437.00
130.00 437.00
130.00 437.00
130.00 437.00
130.00 437.00
130.00 437.00
130.00 437.00
130.00 437.00
130.00 437.00
130.00 437.00
130.00 437.00
130.00 437.00
130.00 437.00
130.00 437.00
130.00 437.00
130.00 437.00
131.00 437.00
131.00 437.00
131.00 437.00
131.00 437.00
131.00 437.00
131.00 437.00
131.00 437.00
131.00 436.00
131.00 436.00
131.00 436.00
131.00 436.00
131.00 436.00
131.00 436.00
131.00 436.00
131.00 436.00
131.00 436.00
132.00 436.00
132.00 436.00
132.00 436.00
132.00 436.00
132.00 436.00
132.00 436.00
132.00 435.00
132.00 435.00
132.00 435.00
132.00 435.00
133.00 435.00
133.00 435.00
133.00 435.00
133.00 435.00
133.00 435.00
133.00 435.00
133.00 434.00
134.00 434.00
134.00 434.00
134.00 434.00
134.00 434.00
134.00 434.00
134.00 434.00
134.00 434.00
135.00 433.00
135.00 433.00
135.00 433.00
135.00 433.00
135.00 433.00
135.00 433.00
136.00 433.00
136.00 432.00
136.00 432.00
136.00 432.00
136.00 432.00
137.00 432.00
137.00 432.00
137.00 431.00
137.00 431.00
137.00 431.00
138.00 431.00
138.00 431.00
138.00 430.00
138.00 430.00
139.00 430.00
139.00 430.00
139.00 430.00
139.00 429.00
140.00 429.00
140.00 429.00
140.00 429.00
140.00 429.00
141.00 428.00
141.00 428.00
141.00 428.00
141.00 428.00
142.00 427.00
142.00 427.00
142.00 427.00
143.00 427.00
143.00 426.00
143.00 426.00
143.00 426.00
144.00 426.00
144.00 425.00
144.00 425.00
145.00 425.00
145.00 424.00
145.00 424.00
146.00 424.00
146.00 424.00
146.00 423.00
147.00 423.00
147.00 423.00
147.00 422.00
148.00 422.00
148.00 422.00
149.00 421.00
149.00 421.00
149.00 421.00
150.00 420.00
150.00 420.00
150.00 420.00
151.00 419.00
151.00 419.00
152.00 418.00
152.00 418.00
151.00 419.00
151.00 419.00
150.00 420.00
150.00 420.00
149.00 421.00
149.00 421.00
148.00 422.00
148.00 422.00
147.00 423.00
147.00 423.00
146.00 423.00
146.00 424.00
145.00 424.00
145.00 425.00
144.00 425.00
144.00 426.00
143.00 426.00
143.00 426.00
142.00 427.00
142.00 427.00
141.00 428.00
141.00 428.00
140.00 428.00
140.00 429.00
139.00 429.00
139.00 430.00
139.00 430.00
138.00 430.00
138.00 431.00
137.00 431.00
137.00 431.00
136.00 432.00
136.00 432.00
136.00 432.00
135.00 433.00
135.00 433.00
135.00 433.00
134.00 433.00
134.00 434.00
133.00 434.00
133.00 434.00
133.00 435.00
132.00 435.00
132.00 435.00
132.00 435.00
131.00 436.00
131.00 436.00
132.00 435.00
133.00 435.00
133.00 434.00
134.00 433.00
135.00 433.00
136.00 432.00
137.00 431.00
137.00 431.00
138.00 430.00
139.00 429.00
140.00 428.00
141.00 428.00
142.00 427.00
143.00 426.00
144.00 425.00
145.00 424.00
146.00 424.00
147.00 423.00
148.00 422.00
149.00 421.00
150.00 420.00
151.00 419.00
152.00 418.00
153.00 417.00
154.00 416.00
155.00 415.00
156.00 414.00
157.00 413.00
158.00 412.00
159.00 411.00
160.00 410.00
161.00 408.00
162.00 407.00
164.00 406.00
165.00 405.00
166.00 403.00
167.00 402.00
168.00 401.00
170.00 399.00
171.00 398.00
172.00 397.00
173.00 395.00
175.00 394.00
176.00 392.00
176.00 392.00
176.00 392.00
176.00 392.00
175.00 393.00
175.00 393.00
175.00 393.00
175.00 393.00
175.00 393.00
175.00 393.00
175.00 393.00
175.00 394.00
175.00 394.00
174.00 394.00
174.00 394.00
174.00 394.00
174.00 394.00
174.00 394.00
174.00 394.00
174.00 394.00
174.00 395.00
174.00 395.00
174.00 395.00
174.00 395.00
174.00 395.00
173.00 395.00
173.00 395.00
173.00 395.00
173.00 395.00
173.00 395.00
173.00 395.00
173.00 395.00
173.00 395.00
173.00 396.00
173.00 396.00
173.00 396.00
173.00 396.00
173.00 396.00
173.00 396.00
173.00 396.00
173.00 396.00
173.00 396.00
173.00 396.00
173.00 396.00
173.00 396.00
173.00 396.00
173.00 396.00
173.00 396.00
173.00 396.00
173.00 396.00
173.00 396.00
173.00 396.00
173.00 396.00
