202.00 330.00
202.00 330.00
202.00 330.00
202.00 330.00
202.00 330.00
202.00 330.00
202.00 330.00
202.00 330.00
202.00 330.00
202.00 330.00
202.00 330.00
202.00 330.00
202.00 330.00
202.00 329.00
202.00 329.00
202.00 329.00
203.00 329.00
203.00 329.00
203.00 329.00
203.00 329.00
203.00 329.00
203.00 329.00
203.00 329.00
203.00 329.00
203.00 329.00
203.00 329.00
203.00 329.00
203.00 328.00
203.00 328.00
203.00 328.00
203.00 328.00
203.00 328.00
203.00 328.00
204.00 328.00
204.00 328.00
204.00 328.00
204.00 328.00
204.00 327.00
204.00 327.00
204.00 327.00
204.00 327.00
204.00 327.00
204.00 327.00
204.00 327.00
204.00 327.00
205.00 326.00
205.00 326.00
205.00 326.00
205.00 326.00
205.00 326.00
205.00 326.00
205.00 326.00
205.00 325.00
205.00 325.00
206.00 325.00
206.00 325.00
206.00 325.00
206.00 325.00
206.00 324.00
206.00 324.00
206.00 324.00
206.00 324.00
206.00 324.00
207.00 324.00
207.00 323.00
207.00 323.00
207.00 323.00
206.00 324.00
206.00 325.00
205.00 325.00
205.00 326.00
204.00 327.00
204.00 328.00
203.00 328.00
202.00 329.00
202.00 330.00
201.00 331.00
201.00 331.00
200.00 332.00
200.00 333.00
199.00 334.00
199.00 334.00
198.00 335.00
197.00 336.00
197.00 336.00
196.00 337.00
196.00 338.00
195.00 338.00
195.00 339.00
194.00 340.00
194.00 340.00
193.00 341.00
193.00 342.00
192.00 342.00
192.00 343.00
191.00 344.00
191.00 344.00
190.00 345.00
190.00 346.00
189.00 346.00
189.00 347.00
188.00 347.00
188.00 348.00
187.00 349.00
187.00 349.00
187.00 350.00
186.00 350.00
186.00 351.00
185.00 351.00
185.00 352.00
184.00 353.00
184.00 353.00
183.00 354.00
183.00 354.00
183.00 355.00
182.00 355.00
182.00 356.00
181.00 356.00
181.00 357.00
180.00 357.00
180.00 358.00
180.00 358.00
179.00 359.00
179.00 359.00
178.00 360.00
178.00 360.00
178.00 361.00
177.00 361.00
177.00 362.00
177.00 362.00
176.00 362.00
176.00 363.00
175.00 363.00
175.00 364.00
175.00 364.00
174.00 365.00
174.00 365.00
174.00 365.00
173.00 366.00
173.00 366.00
173.00 367.00
172.00 367.00
172.00 367.00
172.00 368.00
171.00 368.00
171.00 369.00
171.00 369.00
170.00 369.00
170.00 370.00
170.00 370.00
169.00 370.00
169.00 371.00
169.00 371.00
169.00 372.00
168.00 372.00
168.00 372.00
168.00 373.00
167.00 373.00
167.00 373.00
167.00 373.00
167.00 374.00
166.00 374.00
166.00 374.00
166.00 375.00
166.00 375.00
165.00 375.00
165.00 376.00
165.00 376.00
165.00 376.00
164.00 376.00
164.00 377.00
164.00 377.00
164.00 377.00
163.00 378.00
163.00 378.00
163.00 378.00
163.00 378.00
162.00 379.00
162.00 379.00
162.00 379.00
163.00 378.00
164.00 377.00
165.00 376.00
166.00 374.00
167.00 373.00
168.00 372.00
169.00 371.00
170.00 370.00
171.00 368.00
172.00 367.00
174.00 366.00
175.00 365.00
176.00 363.00
177.00 362.00
178.00 360.00
179.00 359.00
180.00 358.00
182.00 356.00
183.00 355.00
184.00 353.00
185.00 352.00
186.00 350.00
188.00 349.00
189.00 347.00
190.00 346.00
191.00 344.00
193.00 342.00
194.00 341.00
195.00 339.00
197.00 337.00
198.00 336.00
199.00 334.00
200.00 332.00
202.00 330.00
203.00 329.00
205.00 327.00
206.00 325.00
207.00 323.00
209.00 321.00
210.00 319.00
212.00 317.00
213.00 315.00
214.00 313.00
216.00 311.00
217.00 309.00
219.00 307.00
220.00 305.00
222.00 303.00
223.00 301.00
225.00 299.00
226.00 297.00
226.00 297.00
226.00 297.00
226.00 297.00
226.00 297.00
226.00 297.00
226.00 297.00
226.00 297.00
226.00 297.00
226.00 297.00
226.00 297.00
226.00 297.00
226.00 297.00
226.00 297.00
226.00 297.00
226.00 297.00
226.00 297.00
226.00 297.00
226.00 297.00
226.00 297.00
226.00 297.00
226.00 297.00
226.00 297.00
226.00 297.00
226.00 297.00
226.00 297.00
226.00 297.00
226.00 297.00
226.00 297.00
226.00 297.00
226.00 297.00
226.00 297.00
226.00 297.00
226.00 297.00
226.00 297.00
226.00 297.00
226.00 297.00
226.00 297.00
226.00 297.00
226.00 297.00
226.00 297.00
226.00 297.00
226.00 297.00
225.00 299.00
224.00 300.00
222.00 302.00
221.00 304.00
220.00 305.00
219.00 307.00
218.00 308.00
217.00 310.00
216.00 312.00
214.00 313.00
213.00 315.00
212.00 316.00
211.00 318.00
210.00 319.00
209.00 321.00
208.00 322.00
207.00 324.00
206.00 325.00
205.00 327.00
203.00 328.00
202.00 329.00
201.00 331.00
200.00 332.00
199.00 334.00
198.00 335.00
197.00 336.00
196.00 338.00
195.00 339.00
194.00 340.00
193.00 341.00
192.00 343.00
191.00 344.00
190.00 345.00
189.00 346.00
188.00 348.00
187.00 349.00
186.00 350.00
185.00 351.00
184.00 352.00
183.00 353.00
183.00 355.00
182.00 356.00
181.00 357.00
180.00 358.00
179.00 359.00
178.00 360.00
177.00 361.00
176.00 362.00
175.00 363.00
175.00 364.00
174.00 365.00
173.00 366.00
172.00 367.00
171.00 368.00
170.00 369.00
170.00 370.00
169.00 371.00
168.00 372.00
167.00 373.00
166.00 374.00
166.00 374.00
165.00 375.00
164.00 376.00
163.00 377.00
163.00 378.00
162.00 379.00
161.00 379.00
160.00 380.00
160.00 381.00
159.00 382.00
158.00 383.00
158.00 383.00
157.00 384.00
156.00 385.00
156.00 385.00
155.00 386.00
154.00 387.00
154.00 388.00
153.00 388.00
152.00 389.00
152.00 390.00
151.00 390.00
150.00 391.00
150.00 392.00
149.00 392.00
149.00 393.00
148.00 394.00
147.00 394.00
147.00 395.00
146.00 395.00
146.00 396.00
145.00 396.00
144.00 397.00
144.00 398.00
143.00 398.00
143.00 399.00
142.00 399.00
142.00 400.00
141.00 400.00
141.00 401.00
140.00 401.00
140.00 402.00
139.00 402.00
139.00 403.00
138.00 403.00
138.00 404.00
137.00 404.00
137.00 405.00
136.00 405.00
136.00 406.00
135.00 406.00
135.00 407.00
134.00 407.00
134.00 407.00
134.00 408.00
133.00 408.00
133.00 409.00
132.00 409.00
132.00 409.00
131.00 410.00
131.00 410.00
131.00 411.00
130.00 411.00
130.00 411.00
129.00 412.00
129.00 412.00
129.00 412.00
128.00 413.00
128.00 413.00
128.00 413.00
127.00 414.00
127.00 414.00
127.00 414.00
126.00 415.00
126.00 415.00
126.00 415.00
125.00 416.00
125.00 416.00
125.00 416.00
124.00 417.00
124.00 417.00
124.00 417.00
123.00 418.00
123.00 418.00
123.00 418.00
122.00 418.00
122.00 419.00
122.00 419.00
122.00 419.00
121.00 419.00
121.00 420.00
121.00 420.00
121.00 420.00
120.00 420.00
120.00 421.00
120.00 421.00
120.00 421.00
119.00 421.00
119.00 421.00
119.00 422.00
119.00 422.00
118.00 422.00
118.00 422.00
118.00 422.00
118.00 423.00
117.00 423.00
117.00 423.00
117.00 423.00
117.00 423.00
117.00 424.00
116.00 424.00
116.00 424.00
116.00 424.00
116.00 424.00
116.00 424.00
116.00 425.00
115.00 425.00
115.00 425.00
115.00 425.00
115.00 425.00
115.00 425.00
115.00 426.00
114.00 426.00
114.00 426.00
114.00 426.00
114.00 426.00
114.00 426.00
114.00 426.00
114.00 426.00
113.00 427.00
113.00 427.00
113.00 427.00
113.00 427.00
113.00 427.00
113.00 427.00
113.00 427.00
113.00 427.00
112.00 427.00
112.00 427.00
112.00 428.00
112.00 428.00
112.00 428.00
112.00 428.00
112.00 428.00
112.00 428.00
112.00 428.00
112.00 428.00
112.00 428.00
112.00 428.00
111.00 428.00
111.00 428.00
111.00 428.00
111.00 428.00
111.00 428.00
111.00 429.00
111.00 429.00
111.00 429.00
111.00 429.00
111.00 429.00
111.00 429.00
111.00 429.00
111.00 429.00
111.00 429.00
111.00 429.00
111.00 429.00
111.00 429.00
111.00 429.00
111.00 429.00
111.00 429.00
111.00 429.00
111.00 429.00
111.00 429.00
111.00 429.00
111.00 429.00
111.00 429.00
111.00 429.00
111.00 429.00
111.00 429.00
111.00 429.00
111.00 429.00
111.00 429.00
111.00 429.00
111.00 429.00
111.00 429.00
111.00 429.00
111.00 429.00
111.00 429.00
111.00 429.00
111.00 429.00
111.00 428.00
111.00 428.00
111.00 428.00
111.00 428.00
112.00 428.00
112.00 428.00
112.00 428.00
112.00 428.00
112.00 428.00
112.00 428.00
112.00 428.00
112.00 428.00
112.00 428.00
112.00 428.00
112.00 428.00
112.00 428.00
113.00 427.00
113.00 427.00
113.00 427.00
113.00 427.00
113.00 427.00
113.00 427.00
113.00 427.00
113.00 427.00
113.00 427.00
114.00 426.00
114.00 426.00
114.00 426.00
114.00 426.00
114.00 426.00
114.00 426.00
114.00 426.00
115.00 426.00
115.00 425.00
115.00 425.00
115.00 425.00
115.00 425.00
115.00 425.00
116.00 425.00
116.00 425.00
116.00 424.00
116.00 424.00
116.00 424.00
117.00 424.00
117.00 424.00
117.00 424.00
117.00 423.00
117.00 423.00
118.00 423.00
118.00 423.00
118.00 423.00
118.00 422.00
118.00 422.00
119.00 422.00
119.00 422.00
119.00 422.00
119.00 421.00
120.00 421.00
120.00 421.00
120.00 421.00
120.00 420.00
121.00 420.00
121.00 420.00
121.00 420.00
122.00 420.00
122.00 419.00
122.00 419.00
122.00 419.00
123.00 419.00
123.00 418.00
123.00 418.00
124.00 418.00
124.00 417.00
124.00 417.00
124.00 417.00
125.00 417.00
125.00 416.00
125.00 416.00
126.00 416.00
126.00 415.00
126.00 415.00
127.00 415.00
127.00 414.00
128.00 414.00
128.00 414.00
128.00 413.00
129.00 413.00
129.00 413.00
129.00 412.00
130.00 412.00
130.00 412.00
131.00 411.00
131.00 411.00
131.00 411.00
132.00 410.00
132.00 410.00
133.00 409.00
133.00 409.00
133.00 409.00
134.00 408.00
134.00 408.00
135.00 407.00
135.00 407.00
136.00 406.00
136.00 406.00
137.00 406.00
137.00 405.00
138.00 405.00
138.00 404.00
139.00 404.00
139.00 403.00
140.00 403.00
140.00 402.00
141.00 402.00
141.00 401.00
142.00 401.00
142.00 400.00
143.00 400.00
143.00 399.00
144.00 399.00
144.00 398.00
145.00 397.00
145.00 397.00
146.00 396.00
147.00 396.00
147.00 395.00
148.00 395.00
148.00 394.00
149.00 393.00
150.00 393.00
150.00 392.00
151.00 391.00
151.00 391.00
152.00 390.00
153.00 389.00
153.00 389.00
154.00 388.00
155.00 387.00
155.00 387.00
156.00 386.00
157.00 385.00
157.00 385.00
158.00 384.00
159.00 383.00
159.00 382.00
160.00 382.00
161.00 381.00
162.00 380.00
162.00 379.00
163.00 378.00
164.00 378.00
165.00 377.00
165.00 376.00
166.00 375.00
167.00 374.00
168.00 373.00
169.00 372.00
169.00 371.00
170.00 371.00
171.00 370.00
172.00 369.00
173.00 368.00
173.00 367.00
174.00 366.00
175.00 365.00
176.00 364.00
177.00 363.00
178.00 362.00
179.00 361.00
180.00 360.00
180.00 359.00
181.00 358.00
182.00 356.00
183.00 355.00
184.00 354.00
185.00 353.00
186.00 352.00
186.00 352.00
186.00 352.00
186.00 353.00
185.00 353.00
185.00 353.00
185.00 353.00
185.00 353.00
185.00 353.00
185.00 354.00
185.00 354.00
184.00 354.00
184.00 354.00
184.00 354.00
184.00 354.00
184.00 354.00
184.00 355.00
184.00 355.00
184.00 355.00
184.00 355.00
183.00 355.00
183.00 355.00
183.00 355.00
183.00 355.00
183.00 356.00
183.00 356.00
183.00 356.00
183.00 356.00
183.00 356.00
183.00 356.00
182.00 356.00
182.00 356.00
182.00 356.00
182.00 356.00
182.00 357.00
182.00 357.00
182.00 357.00
182.00 357.00
182.00 357.00
182.00 357.00
182.00 357.00
182.00 357.00
182.00 357.00
182.00 357.00
182.00 357.00
182.00 357.00
182.00 357.00
181.00 357.00
181.00 357.00
181.00 357.00
181.00 357.00
181.00 358.00
181.00 358.00
181.00 358.00
181.00 358.00
181.00 358.00
181.00 358.00
181.00 358.00
181.00 358.00
181.00 358.00
181.00 358.00
181.00 358.00
181.00 358.00
181.00 358.00
181.00 358.00
181.00 358.00
181.00 358.00
181.00 358.00
181.00 358.00
181.00 358.00
181.00 358.00
181.00 358.00
181.00 358.00
181.00 358.00
181.00 358.00
181.00 357.00
181.00 357.00
181.00 357.00
181.00 357.00
181.00 357.00
182.00 357.00
182.00 357.00
182.00 357.00
182.00 357.00
182.00 357.00
182.00 357.00
182.00 357.00
182.00 357.00
182.00 357.00
182.00 357.00
182.00 357.00
182.00 356.00
182.00 356.00
182.00 356.00
182.00 356.00
182.00 356.00
182.00 356.00
183.00 356.00
183.00 356.00
183.00 356.00
183.00 356.00
183.00 355.00
183.00 355.00
183.00 355.00
183.00 355.00
183.00 355.00
183.00 355.00
184.00 355.00
184.00 355.00
184.00 354.00
184.00 354.00
184.00 354.00
184.00 354.00
184.00 354.00
184.00 354.00
184.00 354.00
185.00 353.00
185.00 353.00
185.00 353.00
185.00 353.00
185.00 353.00
185.00 353.00
185.00 352.00
186.00 352.00
186.00 352.00
186.00 352.00
186.00 352.00
186.00 351.00
186.00 351.00
186.00 351.00
187.00 351.00
187.00 351.00
187.00 350.00
187.00 350.00
187.00 350.00
187.00 350.00
188.00 350.00
188.00 349.00
188.00 349.00
188.00 349.00
188.00 349.00
189.00 348.00
189.00 348.00
189.00 348.00
189.00 348.00
189.00 347.00
190.00 347.00
190.00 347.00
190.00 347.00
190.00 346.00
190.00 346.00
191.00 346.00
191.00 346.00
191.00 345.00
191.00 345.00
191.00 345.00
192.00 345.00
192.00 344.00
192.00 344.00
192.00 344.00
193.00 343.00
193.00 343.00
193.00 343.00
193.00 342.00
194.00 342.00
194.00 342.00
194.00 341.00
194.00 341.00
195.00 341.00
195.00 340.00
195.00 340.00
195.00 340.00
196.00 339.00
196.00 339.00
196.00 339.00
196.00 338.00
197.00 338.00
197.00 338.00
197.00 337.00
198.00 337.00
198.00 337.00
198.00 336.00
198.00 336.00
199.00 335.00
199.00 335.00
199.00 335.00
200.00 334.00
200.00 334.00
200.00 334.00
200.00 333.00
201.00 333.00
201.00 332.00
201.00 332.00
202.00 332.00
202.00 331.00
202.00 331.00
203.00 330.00
203.00 330.00
203.00 329.00
204.00 329.00
204.00 329.00
204.00 328.00
205.00 328.00
205.00 327.00
205.00 327.00
206.00 326.00
206.00 326.00
206.00 325.00
207.00 325.00
207.00 324.00
207.00 324.00
208.00 323.00
208.00 323.00
208.00 322.00
209.00 322.00
209.00 322.00
210.00 321.00
210.00 321.00
210.00 320.00
211.00 320.00
211.00 319.00
211.00 319.00
211.00 319.00
210.00 320.00
210.00 320.00
210.00 320.00
210.00 320.00
210.00 321.00
210.00 321.00
209.00 321.00
209.00 321.00
209.00 321.00
209.00 322.00
209.00 322.00
209.00 322.00
208.00 322.00
208.00 322.00
208.00 323.00
208.00 323.00
208.00 323.00
208.00 323.00
208.00 323.00
207.00 324.00
207.00 324.00
207.00 324.00
207.00 324.00
207.00 324.00
207.00 324.00
207.00 325.00
207.00 325.00
206.00 325.00
206.00 325.00
206.00 325.00
206.00 325.00
206.00 326.00
206.00 326.00
206.00 326.00
206.00 326.00
205.00 326.00
205.00 326.00
205.00 326.00
205.00 327.00
205.00 327.00
205.00 327.00
205.00 327.00
205.00 327.00
205.00 327.00
204.00 327.00
204.00 327.00
204.00 327.00
204.00 328.00
204.00 328.00
204.00 328.00
204.00 328.00
204.00 328.00
204.00 328.00
204.00 328.00
204.00 328.00
204.00 328.00
203.00 329.00
203.00 329.00
203.00 329.00
203.00 329.00
203.00 329.00
203.00 329.00
203.00 329.00
203.00 329.00
203.00 329.00
203.00 329.00
203.00 329.00
203.00 329.00
203.00 329.00
203.00 329.00
203.00 330.00
203.00 330.00
203.00 330.00
202.00 330.00
202.00 330.00
202.00 330.00
202.00 330.00
202.00 330.00
202.00 330.00
202.00 330.00
202.00 330.00
202.00 330.00
202.00 330.00
202.00 330.00
202.00 330.00
202.00 330.00
202.00 330.00
202.00 330.00
202.00 330.00
202.00 330.00
202.00 330.00
202.00 330.00
202.00 330.00
202.00 330.00
202.00 330.00
202.00 330.00
202.00 330.00
202.00 330.00
202.00 330.00
202.00 330.00
202.00 330.00
202.00 330.00
202.00 330.00
