241.00 282.00
241.00 282.00
241.00 282.00
241.00 282.00
241.00 282.00
241.00 282.00
241.00 282.00
241.00 282.00
241.00 282.00
241.00 282.00
241.00 282.00
241.00 282.00
241.00 282.00
241.00 282.00
241.00 282.00
240.00 284.00
238.00 287.00
237.00 289.00
236.00 292.00
234.00 294.00
233.00 297.00
232.00 299.00
230.00 301.00
229.00 304.00
228.00 306.00
227.00 308.00
225.00 311.00
224.00 313.00
223.00 315.00
222.00 317.00
220.00 319.00
219.00 322.00
218.00 324.00
216.00 326.00
215.00 328.00
214.00 330.00
213.00 332.00
212.00 334.00
210.00 336.00
209.00 338.00
208.00 340.00
207.00 342.00
206.00 343.00
204.00 345.00
203.00 347.00
202.00 349.00
201.00 351.00
200.00 352.00
199.00 354.00
197.00 356.00
196.00 357.00
195.00 359.00
194.00 360.00
193.00 362.00
193.00 362.00
193.00 362.00
193.00 362.00
193.00 361.00
194.00 361.00
194.00 361.00
194.00 361.00
194.00 361.00
194.00 360.00
194.00 360.00
194.00 360.00
194.00 360.00
195.00 360.00
195.00 359.00
195.00 359.00
195.00 359.00
195.00 359.00
195.00 359.00
195.00 358.00
196.00 358.00
196.00 358.00
196.00 358.00
196.00 357.00
196.00 357.00
196.00 357.00
196.00 357.00
197.00 356.00
197.00 356.00
197.00 356.00
197.00 356.00
197.00 355.00
197.00 355.00
198.00 355.00
198.00 355.00
198.00 354.00
198.00 354.00
198.00 354.00
199.00 354.00
199.00 353.00
199.00 353.00
199.00 353.00
199.00 352.00
200.00 352.00
200.00 352.00
200.00 351.00
200.00 351.00
200.00 351.00
201.00 350.00
201.00 350.00
201.00 350.00
201.00 349.00
201.00 349.00
202.00 349.00
202.00 348.00
202.00 348.00
202.00 348.00
203.00 347.00
203.00 347.00
203.00 347.00
203.00 346.00
203.00 346.00
204.00 346.00
204.00 345.00
204.00 345.00
204.00 344.00
205.00 344.00
205.00 344.00
205.00 343.00
205.00 343.00
206.00 342.00
206.00 342.00
206.00 342.00
206.00 341.00
207.00 341.00
207.00 340.00
207.00 340.00
207.00 339.00
208.00 339.00
208.00 339.00
208.00 338.00
209.00 338.00
209.00 337.00
209.00 337.00
209.00 336.00
210.00 336.00
210.00 335.00
210.00 335.00
211.00 334.00
211.00 334.00
211.00 333.00
211.00 333.00
212.00 332.00
212.00 332.00
212.00 331.00
213.00 331.00
213.00 330.00
213.00 330.00
214.00 329.00
214.00 329.00
214.00 328.00
214.00 328.00
215.00 327.00
215.00 327.00
215.00 326.00
216.00 326.00
216.00 325.00
216.00 325.00
217.00 324.00
217.00 323.00
217.00 323.00
218.00 322.00
218.00 322.00
218.00 321.00
219.00 321.00
219.00 320.00
219.00 320.00
219.00 320.00
219.00 321.00
218.00 321.00
218.00 321.00
218.00 321.00
218.00 321.00
218.00 322.00
218.00 322.00
218.00 322.00
218.00 322.00
218.00 322.00
217.00 323.00
217.00 323.00
217.00 323.00
217.00 323.00
217.00 323.00
217.00 324.00
217.00 324.00
217.00 324.00
217.00 324.00
216.00 324.00
216.00 324.00
216.00 325.00
216.00 325.00
216.00 325.00
216.00 325.00
216.00 325.00
216.00 325.00
216.00 326.00
216.00 326.00
216.00 326.00
215.00 326.00
215.00 326.00
215.00 326.00
215.00 326.00
215.00 326.00
215.00 327.00
215.00 327.00
215.00 327.00
215.00 327.00
215.00 327.00
215.00 327.00
215.00 327.00
215.00 327.00
214.00 328.00
214.00 328.00
214.00 328.00
214.00 328.00
214.00 328.00
214.00 328.00
214.00 328.00
214.00 328.00
214.00 328.00
214.00 328.00
214.00 329.00
214.00 329.00
214.00 329.00
214.00 329.00
214.00 329.00
214.00 329.00
214.00 329.00
214.00 329.00
214.00 329.00
214.00 329.00
214.00 329.00
213.00 329.00
213.00 329.00
213.00 329.00
213.00 329.00
213.00 330.00
213.00 330.00
213.00 330.00
213.00 330.00
213.00 330.00
213.00 330.00
213.00 330.00
213.00 330.00
213.00 330.00
213.00 330.00
213.00 330.00
213.00 330.00
213.00 330.00
213.00 330.00
213.00 330.00
213.00 330.00
213.00 330.00
213.00 330.00
213.00 330.00
213.00 330.00
213.00 330.00
213.00 330.00
213.00 330.00
213.00 330.00
213.00 330.00
213.00 330.00
213.00 330.00
213.00 330.00
213.00 330.00
213.00 330.00
213.00 330.00
213.00 330.00
213.00 330.00
213.00 330.00
213.00 330.00
213.00 330.00
213.00 330.00
213.00 330.00
213.00 330.00
213.00 330.00
214.00 329.00
214.00 329.00
214.00 329.00
214.00 329.00
214.00 329.00
214.00 329.00
214.00 329.00
214.00 329.00
214.00 329.00
214.00 329.00
214.00 329.00
214.00 329.00
214.00 329.00
214.00 329.00
214.00 329.00
214.00 328.00
214.00 328.00
214.00 328.00
214.00 328.00
214.00 328.00
215.00 328.00
215.00 328.00
215.00 328.00
215.00 328.00
215.00 328.00
215.00 327.00
215.00 327.00
215.00 327.00
215.00 327.00
215.00 327.00
215.00 327.00
215.00 327.00
215.00 327.00
215.00 326.00
216.00 326.00
216.00 326.00
216.00 326.00
216.00 326.00
216.00 326.00
216.00 326.00
216.00 326.00
216.00 325.00
216.00 325.00
216.00 325.00
216.00 325.00
217.00 325.00
217.00 325.00
217.00 324.00
217.00 324.00
217.00 324.00
217.00 324.00
217.00 324.00
217.00 324.00
217.00 323.00
218.00 323.00
218.00 323.00
218.00 323.00
218.00 323.00
218.00 322.00
218.00 322.00
218.00 322.00
218.00 322.00
219.00 322.00
219.00 321.00
219.00 321.00
219.00 321.00
219.00 321.00
219.00 321.00
219.00 320.00
219.00 320.00
220.00 320.00
220.00 320.00
220.00 320.00
220.00 319.00
220.00 319.00
220.00 319.00
220.00 319.00
221.00 318.00
221.00 318.00
221.00 318.00
221.00 318.00
221.00 317.00
221.00 317.00
221.00 317.00
222.00 317.00
222.00 316.00
222.00 316.00
222.00 316.00
222.00 316.00
222.00 315.00
223.00 315.00
223.00 315.00
223.00 315.00
223.00 314.00
223.00 314.00
223.00 314.00
224.00 313.00
224.00 313.00
224.00 313.00
224.00 313.00
224.00 312.00
224.00 312.00
225.00 312.00
225.00 311.00
225.00 311.00
225.00 311.00
225.00 310.00
225.00 310.00
226.00 310.00
226.00 310.00
226.00 309.00
226.00 309.00
226.00 309.00
227.00 308.00
227.00 308.00
227.00 308.00
227.00 307.00
227.00 307.00
228.00 307.00
228.00 306.00
228.00 306.00
228.00 306.00
228.00 305.00
229.00 305.00
229.00 305.00
229.00 304.00
229.00 304.00
229.00 304.00
230.00 303.00
230.00 303.00
230.00 302.00
230.00 302.00
230.00 302.00
231.00 301.00
231.00 301.00
231.00 301.00
231.00 300.00
231.00 300.00
232.00 300.00
232.00 299.00
232.00 299.00
232.00 298.00
233.00 298.00
233.00 298.00
233.00 297.00
233.00 297.00
233.00 296.00
234.00 296.00
234.00 296.00
234.00 295.00
234.00 295.00
235.00 294.00
235.00 294.00
235.00 294.00
235.00 293.00
236.00 293.00
236.00 292.00
236.00 292.00
236.00 292.00
236.00 292.00
236.00 292.00
236.00 292.00
236.00 293.00
236.00 293.00
236.00 293.00
236.00 293.00
235.00 293.00
235.00 293.00
235.00 293.00
235.00 293.00
235.00 293.00
235.00 294.00
235.00 294.00
235.00 294.00
235.00 294.00
235.00 294.00
235.00 294.00
235.00 294.00
235.00 294.00
235.00 294.00
235.00 294.00
235.00 294.00
235.00 295.00
235.00 295.00
235.00 295.00
234.00 295.00
234.00 295.00
234.00 295.00
234.00 295.00
234.00 295.00
234.00 295.00
234.00 295.00
234.00 295.00
234.00 295.00
234.00 295.00
234.00 296.00
234.00 296.00
234.00 296.00
234.00 296.00
234.00 296.00
234.00 296.00
234.00 296.00
234.00 296.00
234.00 296.00
234.00 296.00
234.00 296.00
234.00 296.00
234.00 296.00
234.00 296.00
234.00 296.00
234.00 296.00
234.00 296.00
234.00 296.00
234.00 296.00
234.00 296.00
234.00 297.00
233.00 297.00
233.00 297.00
233.00 297.00
233.00 297.00
233.00 297.00
233.00 297.00
233.00 297.00
233.00 297.00
233.00 297.00
233.00 297.00
233.00 297.00
233.00 297.00
233.00 297.00
233.00 297.00
233.00 297.00
233.00 297.00
233.00 297.00
233.00 297.00
233.00 297.00
233.00 297.00
233.00 297.00
233.00 297.00
233.00 297.00
233.00 297.00
233.00 297.00
233.00 297.00
233.00 297.00
233.00 297.00
233.00 297.00
233.00 297.00
233.00 297.00
233.00 297.00
233.00 297.00
233.00 297.00
233.00 297.00
233.00 297.00
233.00 297.00
233.00 297.00
233.00 297.00
233.00 297.00
233.00 297.00
233.00 297.00
233.00 297.00
233.00 297.00
233.00 297.00
233.00 297.00
233.00 297.00
234.00 297.00
234.00 296.00
234.00 296.00
234.00 296.00
234.00 296.00
234.00 296.00
234.00 296.00
234.00 296.00
234.00 296.00
234.00 296.00
234.00 296.00
234.00 296.00
234.00 296.00
234.00 296.00
234.00 296.00
234.00 296.00
234.00 296.00
234.00 296.00
234.00 296.00
234.00 296.00
234.00 296.00
234.00 295.00
234.00 295.00
234.00 295.00
234.00 295.00
234.00 295.00
234.00 295.00
234.00 295.00
234.00 295.00
234.00 295.00
234.00 295.00
235.00 295.00
235.00 295.00
235.00 295.00
235.00 294.00
235.00 294.00
235.00 294.00
235.00 294.00
235.00 294.00
235.00 294.00
235.00 294.00
235.00 294.00
235.00 294.00
235.00 294.00
235.00 294.00
235.00 293.00
235.00 293.00
235.00 293.00
235.00 293.00
235.00 293.00
236.00 293.00
236.00 293.00
236.00 293.00
236.00 293.00
236.00 292.00
236.00 292.00
236.00 292.00
236.00 292.00
236.00 292.00
236.00 292.00
236.00 293.00
235.00 293.00
235.00 293.00
235.00 294.00
235.00 294.00
235.00 295.00
234.00 295.00
234.00 295.00
234.00 296.00
234.00 296.00
234.00 296.00
233.00 297.00
233.00 297.00
233.00 297.00
233.00 298.00
233.00 298.00
232.00 298.00
232.00 299.00
232.00 299.00
232.00 299.00
232.00 300.00
232.00 300.00
231.00 300.00
231.00 301.00
231.00 301.00
231.00 301.00
231.00 301.00
230.00 302.00
230.00 302.00
230.00 302.00
230.00 303.00
230.00 303.00
230.00 303.00
229.00 304.00
229.00 304.00
229.00 304.00
229.00 305.00
229.00 305.00
229.00 305.00
228.00 305.00
228.00 306.00
228.00 306.00
228.00 306.00
228.00 306.00
228.00 307.00
227.00 307.00
227.00 307.00
227.00 308.00
227.00 308.00
227.00 308.00
227.00 308.00
227.00 309.00
226.00 309.00
226.00 309.00
226.00 309.00
226.00 310.00
226.00 310.00
226.00 310.00
225.00 310.00
225.00 311.00
225.00 311.00
225.00 311.00
225.00 311.00
225.00 312.00
225.00 312.00
224.00 312.00
224.00 312.00
224.00 313.00
224.00 313.00
224.00 313.00
224.00 313.00
224.00 313.00
224.00 314.00
223.00 314.00
223.00 314.00
223.00 314.00
223.00 314.00
223.00 315.00
223.00 315.00
223.00 315.00
223.00 315.00
222.00 315.00
222.00 316.00
222.00 316.00
222.00 316.00
222.00 316.00
222.00 316.00
222.00 317.00
222.00 317.00
222.00 317.00
221.00 317.00
221.00 317.00
221.00 317.00
221.00 318.00
221.00 318.00
221.00 318.00
221.00 318.00
221.00 318.00
221.00 318.00
221.00 319.00
220.00 319.00
220.00 319.00
220.00 319.00
220.00 319.00
220.00 319.00
220.00 319.00
220.00 320.00
220.00 320.00
220.00 320.00
220.00 320.00
220.00 320.00
220.00 320.00
219.00 320.00
219.00 321.00
219.00 321.00
219.00 321.00
219.00 321.00
219.00 321.00
219.00 321.00
219.00 321.00
219.00 321.00
219.00 321.00
219.00 322.00
219.00 322.00
219.00 322.00
219.00 322.00
219.00 322.00
218.00 322.00
218.00 322.00
218.00 322.00
218.00 322.00
218.00 322.00
218.00 322.00
218.00 323.00
218.00 323.00
218.00 323.00
218.00 323.00
218.00 323.00
218.00 323.00
218.00 323.00
218.00 323.00
218.00 323.00
218.00 323.00
218.00 323.00
218.00 323.00
218.00 323.00
218.00 323.00
218.00 323.00
218.00 323.00
218.00 323.00
218.00 323.00
218.00 324.00
218.00 324.00
217.00 324.00
217.00 324.00
217.00 324.00
217.00 324.00
217.00 324.00
217.00 324.00
217.00 324.00
217.00 324.00
217.00 324.00
217.00 324.00
217.00 324.00
217.00 324.00
217.00 324.00
217.00 324.00
217.00 324.00
217.00 324.00
217.00 324.00
217.00 324.00
217.00 324.00
217.00 324.00
217.00 324.00
217.00 324.00
217.00 324.00
217.00 324.00
217.00 324.00
217.00 324.00
217.00 324.00
217.00 324.00
217.00 324.00
217.00 324.00
217.00 323.00
218.00 323.00
218.00 323.00
218.00 323.00
218.00 323.00
218.00 323.00
218.00 323.00
218.00 323.00
218.00 323.00
218.00 323.00
218.00 323.00
218.00 323.00
218.00 323.00
218.00 323.00
218.00 323.00
218.00 323.00
218.00 323.00
218.00 323.00
218.00 322.00
218.00 322.00
218.00 322.00
218.00 322.00
218.00 322.00
218.00 322.00
218.00 322.00
218.00 322.00
218.00 322.00
219.00 322.00
219.00 322.00
219.00 321.00
219.00 321.00
219.00 321.00
219.00 321.00
219.00 321.00
219.00 321.00
219.00 321.00
219.00 321.00
219.00 321.00
219.00 320.00
219.00 320.00
219.00 320.00
219.00 320.00
220.00 320.00
220.00 320.00
220.00 320.00
220.00 319.00
220.00 319.00
220.00 319.00
220.00 319.00
220.00 319.00
220.00 319.00
220.00 319.00
220.00 318.00
221.00 318.00
221.00 318.00
221.00 318.00
221.00 318.00
221.00 318.00
221.00 317.00
221.00 317.00
221.00 317.00
221.00 317.00
221.00 317.00
221.00 317.00
222.00 316.00
222.00 316.00
222.00 316.00
222.00 316.00
222.00 316.00
222.00 315.00
222.00 315.00
222.00 315.00
222.00 315.00
223.00 315.00
223.00 314.00
223.00 314.00
223.00 314.00
223.00 314.00
223.00 314.00
223.00 313.00
223.00 313.00
224.00 313.00
224.00 313.00
224.00 313.00
224.00 312.00
224.00 312.00
224.00 312.00
224.00 312.00
225.00 311.00
225.00 311.00
225.00 311.00
225.00 311.00
225.00 310.00
225.00 310.00
225.00 310.00
225.00 310.00
226.00 309.00
226.00 309.00
226.00 309.00
226.00 309.00
226.00 308.00
226.00 308.00
227.00 308.00
227.00 308.00
227.00 307.00
227.00 307.00
227.00 307.00
227.00 307.00
227.00 306.00
228.00 306.00
228.00 306.00
228.00 305.00
228.00 305.00
228.00 305.00
228.00 305.00
229.00 304.00
229.00 304.00
229.00 304.00
229.00 303.00
229.00 303.00
229.00 303.00
230.00 302.00
230.00 302.00
230.00 302.00
230.00 302.00
230.00 301.00
230.00 301.00
231.00 301.00
231.00 300.00
231.00 300.00
231.00 300.00
231.00 299.00
232.00 299.00
232.00 299.00
232.00 298.00
232.00 298.00
232.00 298.00
233.00 297.00
233.00 297.00
233.00 297.00
233.00 296.00
233.00 296.00
233.00 296.00
234.00 295.00
234.00 295.00
234.00 295.00
234.00 294.00
234.00 294.00
235.00 293.00
235.00 293.00
235.00 293.00
235.00 292.00
235.00 292.00
236.00 292.00
236.00 291.00
236.00 291.00
236.00 291.00
236.00 290.00
237.00 290.00
237.00 289.00
237.00 289.00
237.00 289.00
237.00 288.00
238.00 288.00
238.00 288.00
238.00 287.00
238.00 287.00
239.00 286.00
239.00 286.00
239.00 286.00
239.00 285.00
239.00 285.00
240.00 284.00
240.00 284.00
240.00 284.00
240.00 283.00
240.00 283.00
241.00 282.00
241.00 282.00
241.00 282.00
241.00 281.00
242.00 281.00
242.00 280.00
242.00 280.00
242.00 280.00
242.00 280.00
242.00 280.00
242.00 280.00
242.00 280.00
242.00 280.00
242.00 280.00
242.00 280.00
242.00 281.00
242.00 281.00
242.00 281.00
242.00 281.00
242.00 281.00
242.00 281.00
242.00 281.00
242.00 281.00
242.00 281.00
241.00 281.00
241.00 281.00
241.00 281.00
241.00 281.00
241.00 281.00
241.00 281.00
241.00 281.00
241.00 281.00
241.00 281.00
241.00 281.00
241.00 281.00
241.00 281.00
241.00 281.00
241.00 281.00
241.00 281.00
241.00 282.00
241.00 282.00
241.00 282.00
241.00 282.00
241.00 282.00
241.00 282.00
241.00 282.00
241.00 282.00
241.00 282.00
241.00 282.00
241.00 282.00
241.00 282.00
241.00 282.00
241.00 282.00
241.00 282.00
241.00 282.00
241.00 282.00
241.00 282.00
241.00 282.00
241.00 282.00
241.00 282.00
241.00 282.00
241.00 282.00
