165.00 343.00
165.00 343.00
165.00 343.00
165.00 343.00
165.00 343.00
166.00 343.00
166.00 343.00
166.00 343.00
166.00 343.00
166.00 343.00
166.00 343.00
166.00 343.00
166.00 343.00
166.00 343.00
166.00 343.00
166.00 343.00
166.00 343.00
166.00 343.00
166.00 342.00
166.00 342.00
166.00 342.00
166.00 342.00
166.00 342.00
166.00 342.00
166.00 342.00
166.00 342.00
167.00 342.00
167.00 342.00
167.00 342.00
167.00 342.00
167.00 342.00
167.00 341.00
167.00 341.00
167.00 341.00
167.00 341.00
167.00 341.00
167.00 341.00
168.00 341.00
168.00 341.00
168.00 341.00
168.00 340.00
168.00 340.00
168.00 340.00
168.00 340.00
168.00 340.00
168.00 340.00
169.00 340.00
169.00 339.00
169.00 339.00
169.00 339.00
169.00 339.00
169.00 339.00
169.00 339.00
170.00 339.00
170.00 338.00
170.00 338.00
170.00 338.00
170.00 338.00
170.00 338.00
171.00 338.00
171.00 337.00
171.00 337.00
171.00 337.00
171.00 337.00
171.00 337.00
172.00 336.00
172.00 336.00
172.00 336.00
172.00 336.00
172.00 336.00
173.00 335.00
173.00 335.00
173.00 335.00
173.00 335.00
173.00 335.00
174.00 334.00
174.00 334.00
174.00 334.00
174.00 334.00
175.00 334.00
175.00 333.00
175.00 333.00
175.00 333.00
175.00 333.00
176.00 332.00
176.00 332.00
176.00 332.00
176.00 332.00
177.00 331.00
177.00 331.00
177.00 331.00
177.00 331.00
178.00 330.00
178.00 330.00
177.00 331.00
177.00 331.00
176.00 332.00
176.00 332.00
175.00 333.00
174.00 334.00
174.00 334.00
173.00 335.00
173.00 335.00
172.00 336.00
172.00 336.00
171.00 337.00
170.00 337.00
170.00 338.00
169.00 338.00
169.00 339.00
168.00 340.00
168.00 340.00
167.00 341.00
167.00 341.00
166.00 342.00
166.00 342.00
165.00 343.00
165.00 343.00
164.00 344.00
164.00 344.00
163.00 345.00
163.00 345.00
162.00 345.00
162.00 346.00
161.00 346.00
161.00 347.00
160.00 347.00
160.00 348.00
159.00 348.00
159.00 349.00
158.00 349.00
158.00 349.00
158.00 350.00
157.00 350.00
157.00 351.00
156.00 351.00
156.00 352.00
156.00 352.00
155.00 352.00
155.00 353.00
154.00 353.00
154.00 354.00
154.00 354.00
153.00 354.00
153.00 355.00
152.00 355.00
152.00 355.00
152.00 356.00
151.00 356.00
151.00 357.00
151.00 357.00
150.00 357.00
150.00 358.00
150.00 358.00
149.00 358.00
149.00 359.00
148.00 359.00
148.00 359.00
148.00 360.00
148.00 360.00
147.00 360.00
147.00 361.00
147.00 361.00
146.00 361.00
146.00 361.00
146.00 362.00
145.00 362.00
145.00 362.00
145.00 363.00
145.00 363.00
144.00 363.00
144.00 363.00
144.00 364.00
143.00 364.00
143.00 364.00
143.00 364.00
143.00 365.00
142.00 365.00
142.00 365.00
142.00 365.00
142.00 366.00
141.00 366.00
141.00 366.00
141.00 366.00
141.00 367.00
141.00 367.00
140.00 367.00
140.00 367.00
140.00 367.00
140.00 368.00
139.00 368.00
139.00 368.00
139.00 368.00
139.00 368.00
139.00 369.00
138.00 369.00
138.00 369.00
138.00 369.00
138.00 369.00
138.00 370.00
138.00 370.00
137.00 370.00
137.00 370.00
137.00 370.00
137.00 370.00
137.00 371.00
137.00 371.00
136.00 371.00
136.00 371.00
136.00 371.00
136.00 371.00
136.00 371.00
136.00 372.00
136.00 372.00
136.00 372.00
135.00 372.00
135.00 372.00
135.00 372.00
135.00 372.00
135.00 372.00
135.00 372.00
135.00 373.00
135.00 373.00
135.00 373.00
134.00 373.00
134.00 373.00
134.00 373.00
134.00 373.00
134.00 373.00
134.00 373.00
134.00 373.00
134.00 373.00
134.00 374.00
134.00 374.00
134.00 374.00
134.00 374.00
134.00 374.00
134.00 374.00
133.00 374.00
133.00 374.00
133.00 374.00
133.00 374.00
133.00 374.00
133.00 374.00
133.00 374.00
133.00 374.00
133.00 374.00
133.00 374.00
133.00 374.00
133.00 374.00
133.00 374.00
133.00 374.00
133.00 374.00
133.00 374.00
133.00 374.00
133.00 374.00
133.00 374.00
133.00 374.00
133.00 374.00
133.00 374.00
133.00 374.00
133.00 374.00
133.00 374.00
133.00 374.00
133.00 374.00
133.00 374.00
133.00 374.00
133.00 374.00
133.00 374.00
133.00 374.00
133.00 374.00
134.00 374.00
134.00 374.00
134.00 374.00
134.00 374.00
134.00 374.00
134.00 373.00
134.00 373.00
134.00 373.00
134.00 373.00
134.00 373.00
134.00 373.00
134.00 373.00
134.00 373.00
134.00 373.00
135.00 373.00
135.00 373.00
135.00 373.00
135.00 372.00
135.00 372.00
135.00 372.00
135.00 372.00
135.00 372.00
135.00 372.00
136.00 372.00
136.00 372.00
136.00 371.00
136.00 371.00
136.00 371.00
136.00 371.00
136.00 371.00
137.00 371.00
137.00 371.00
137.00 370.00
137.00 370.00
137.00 370.00
137.00 370.00
137.00 370.00
138.00 370.00
138.00 370.00
138.00 369.00
138.00 369.00
138.00 369.00
139.00 369.00
139.00 369.00
139.00 368.00
139.00 368.00
139.00 368.00
140.00 368.00
140.00 368.00
140.00 367.00
140.00 367.00
140.00 367.00
141.00 367.00
141.00 367.00
141.00 366.00
141.00 366.00
142.00 366.00
142.00 366.00
142.00 365.00
142.00 365.00
142.00 365.00
143.00 365.00
143.00 364.00
143.00 364.00
144.00 364.00
144.00 364.00
144.00 363.00
144.00 363.00
145.00 363.00
145.00 362.00
145.00 362.00
145.00 362.00
146.00 362.00
146.00 361.00
146.00 361.00
147.00 361.00
147.00 360.00
147.00 360.00
148.00 360.00
148.00 359.00
148.00 359.00
149.00 359.00
149.00 358.00
149.00 358.00
150.00 358.00
150.00 357.00
150.00 357.00
151.00 357.00
151.00 356.00
151.00 356.00
152.00 356.00
152.00 355.00
153.00 355.00
153.00 355.00
153.00 354.00
154.00 354.00
154.00 353.00
154.00 353.00
155.00 353.00
155.00 352.00
156.00 352.00
156.00 351.00
157.00 351.00
157.00 351.00
157.00 350.00
158.00 350.00
158.00 349.00
159.00 349.00
159.00 348.00
160.00 348.00
160.00 348.00
160.00 347.00
161.00 347.00
161.00 346.00
162.00 346.00
162.00 345.00
163.00 345.00
163.00 344.00
164.00 344.00
164.00 343.00
165.00 343.00
165.00 342.00
166.00 342.00
166.00 341.00
167.00 341.00
167.00 340.00
168.00 340.00
168.00 339.00
169.00 339.00
170.00 338.00
170.00 338.00
171.00 337.00
171.00 337.00
172.00 336.00
172.00 336.00
173.00 335.00
173.00 334.00
174.00 334.00
175.00 333.00
175.00 333.00
176.00 332.00
176.00 332.00
177.00 331.00
177.00 331.00
176.00 332.00
176.00 332.00
176.00 332.00
176.00 332.00
175.00 333.00
175.00 333.00
175.00 333.00
175.00 333.00
174.00 334.00
174.00 334.00
174.00 334.00
174.00 334.00
174.00 334.00
173.00 335.00
173.00 335.00
173.00 335.00
173.00 335.00
172.00 336.00
172.00 336.00
172.00 336.00
172.00 336.00
172.00 336.00
171.00 337.00
171.00 337.00
171.00 337.00
171.00 337.00
171.00 337.00
170.00 338.00
170.00 338.00
170.00 338.00
170.00 338.00
170.00 338.00
170.00 338.00
169.00 339.00
169.00 339.00
169.00 339.00
169.00 339.00
169.00 339.00
169.00 339.00
168.00 340.00
168.00 340.00
168.00 340.00
168.00 340.00
168.00 340.00
168.00 340.00
168.00 340.00
167.00 341.00
167.00 341.00
167.00 341.00
167.00 341.00
167.00 341.00
167.00 341.00
167.00 341.00
167.00 341.00
166.00 342.00
166.00 342.00
166.00 342.00
166.00 342.00
166.00 342.00
166.00 342.00
166.00 342.00
166.00 342.00
166.00 342.00
166.00 342.00
166.00 343.00
165.00 343.00
165.00 343.00
165.00 343.00
165.00 343.00
165.00 343.00
165.00 343.00
165.00 343.00
165.00 343.00
165.00 343.00
165.00 343.00
165.00 343.00
165.00 343.00
165.00 343.00
165.00 343.00
165.00 343.00
165.00 344.00
165.00 344.00
165.00 344.00
165.00 344.00
165.00 344.00
164.00 344.00
164.00 344.00
164.00 344.00
164.00 344.00
164.00 344.00
164.00 344.00
164.00 344.00
164.00 344.00
164.00 344.00
164.00 344.00
164.00 344.00
164.00 344.00
164.00 344.00
164.00 344.00
164.00 344.00
164.00 344.00
164.00 344.00
165.00 344.00
165.00 344.00
165.00 344.00
165.00 344.00
165.00 344.00
165.00 344.00
165.00 344.00
165.00 344.00
165.00 343.00
165.00 343.00
165.00 343.00
165.00 343.00
165.00 343.00
165.00 343.00
165.00 343.00
165.00 343.00
165.00 343.00
165.00 343.00
165.00 343.00
166.00 343.00
166.00 343.00
166.00 343.00
166.00 343.00
166.00 343.00
166.00 342.00
166.00 342.00
166.00 342.00
166.00 342.00
166.00 342.00
166.00 342.00
167.00 342.00
167.00 342.00
167.00 342.00
167.00 342.00
167.00 341.00
167.00 341.00
167.00 341.00
167.00 341.00
167.00 341.00
168.00 341.00
168.00 341.00
168.00 341.00
168.00 340.00
168.00 340.00
168.00 340.00
168.00 340.00
169.00 340.00
169.00 340.00
169.00 340.00
169.00 339.00
169.00 339.00
169.00 339.00
170.00 339.00
170.00 339.00
170.00 339.00
170.00 338.00
170.00 338.00
171.00 338.00
171.00 338.00
171.00 338.00
171.00 338.00
171.00 337.00
171.00 337.00
172.00 337.00
172.00 337.00
172.00 337.00
172.00 336.00
173.00 336.00
173.00 336.00
173.00 336.00
173.00 336.00
173.00 335.00
174.00 335.00
174.00 335.00
174.00 335.00
174.00 334.00
175.00 334.00
175.00 334.00
175.00 334.00
175.00 334.00
176.00 333.00
176.00 333.00
176.00 333.00
176.00 333.00
177.00 332.00
177.00 332.00
177.00 332.00
177.00 331.00
178.00 331.00
178.00 331.00
178.00 331.00
179.00 330.00
179.00 330.00
179.00 330.00
179.00 330.00
180.00 329.00
180.00 329.00
179.00 330.00
179.00 330.00
178.00 331.00
178.00 331.00
177.00 332.00
177.00 332.00
176.00 333.00
176.00 333.00
175.00 334.00
175.00 334.00
174.00 334.00
174.00 335.00
173.00 335.00
173.00 336.00
172.00 336.00
172.00 337.00
172.00 337.00
171.00 338.00
171.00 338.00
170.00 339.00
170.00 339.00
169.00 339.00
169.00 340.00
168.00 340.00
168.00 341.00
168.00 341.00
167.00 342.00
167.00 342.00
166.00 342.00
166.00 343.00
165.00 343.00
165.00 344.00
165.00 344.00
164.00 344.00
164.00 345.00
163.00 345.00
163.00 346.00
163.00 346.00
162.00 346.00
162.00 347.00
162.00 347.00
161.00 347.00
161.00 348.00
160.00 348.00
160.00 348.00
160.00 349.00
159.00 349.00
159.00 349.00
159.00 350.00
158.00 350.00
158.00 350.00
158.00 351.00
157.00 351.00
157.00 351.00
157.00 352.00
156.00 352.00
156.00 352.00
156.00 353.00
156.00 353.00
155.00 353.00
155.00 353.00
155.00 354.00
154.00 354.00
154.00 354.00
154.00 355.00
154.00 355.00
153.00 355.00
153.00 355.00
153.00 356.00
152.00 356.00
152.00 356.00
152.00 356.00
152.00 357.00
151.00 357.00
151.00 357.00
151.00 357.00
151.00 358.00
151.00 358.00
150.00 358.00
150.00 358.00
150.00 358.00
150.00 359.00
149.00 359.00
149.00 359.00
149.00 359.00
149.00 359.00
149.00 360.00
148.00 360.00
148.00 360.00
148.00 360.00
148.00 360.00
148.00 361.00
147.00 361.00
147.00 361.00
147.00 361.00
147.00 361.00
147.00 361.00
147.00 362.00
146.00 362.00
146.00 362.00
146.00 362.00
146.00 362.00
146.00 362.00
146.00 363.00
145.00 363.00
145.00 363.00
145.00 363.00
145.00 363.00
145.00 363.00
145.00 363.00
145.00 363.00
145.00 364.00
144.00 364.00
144.00 364.00
144.00 364.00
144.00 364.00
144.00 364.00
144.00 364.00
144.00 364.00
144.00 364.00
144.00 365.00
143.00 365.00
143.00 365.00
143.00 365.00
143.00 365.00
143.00 365.00
143.00 365.00
143.00 365.00
143.00 365.00
143.00 365.00
143.00 365.00
143.00 365.00
143.00 365.00
143.00 365.00
143.00 365.00
143.00 366.00
143.00 366.00
142.00 366.00
142.00 366.00
142.00 366.00
142.00 366.00
142.00 366.00
142.00 366.00
142.00 366.00
142.00 366.00
142.00 366.00
142.00 366.00
142.00 366.00
142.00 366.00
142.00 366.00
142.00 366.00
142.00 366.00
142.00 366.00
142.00 366.00
142.00 366.00
142.00 366.00
142.00 366.00
142.00 366.00
142.00 366.00
142.00 366.00
142.00 366.00
142.00 366.00
142.00 366.00
142.00 366.00
142.00 366.00
143.00 365.00
143.00 365.00
143.00 365.00
143.00 365.00
143.00 365.00
143.00 365.00
143.00 365.00
143.00 365.00
143.00 365.00
143.00 365.00
143.00 365.00
143.00 365.00
143.00 365.00
143.00 365.00
143.00 365.00
144.00 364.00
144.00 364.00
144.00 364.00
144.00 364.00
144.00 364.00
144.00 364.00
144.00 364.00
144.00 364.00
144.00 364.00
144.00 363.00
145.00 363.00
145.00 363.00
145.00 363.00
145.00 363.00
145.00 363.00
145.00 363.00
145.00 363.00
146.00 362.00
146.00 362.00
146.00 362.00
146.00 362.00
146.00 362.00
146.00 362.00
146.00 361.00
147.00 361.00
147.00 361.00
147.00 361.00
147.00 361.00
147.00 361.00
147.00 360.00
148.00 360.00
148.00 360.00
148.00 360.00
148.00 360.00
148.00 359.00
149.00 359.00
149.00 359.00
149.00 359.00
149.00 359.00
149.00 358.00
150.00 358.00
150.00 358.00
150.00 358.00
150.00 358.00
151.00 357.00
151.00 357.00
151.00 357.00
151.00 357.00
152.00 356.00
152.00 356.00
152.00 356.00
152.00 356.00
153.00 355.00
153.00 355.00
153.00 355.00
153.00 355.00
154.00 354.00
154.00 354.00
154.00 354.00
154.00 353.00
155.00 353.00
155.00 353.00
155.00 353.00
156.00 352.00
156.00 352.00
156.00 352.00
157.00 351.00
157.00 351.00
157.00 351.00
158.00 350.00
158.00 350.00
158.00 350.00
158.00 349.00
159.00 349.00
159.00 349.00
160.00 348.00
160.00 348.00
160.00 348.00
161.00 347.00
161.00 347.00
161.00 347.00
162.00 346.00
162.00 346.00
162.00 346.00
163.00 345.00
163.00 345.00
164.00 344.00
164.00 344.00
164.00 344.00
165.00 343.00
165.00 343.00
166.00 342.00
166.00 342.00
166.00 342.00
167.00 341.00
167.00 341.00
168.00 340.00
168.00 340.00
168.00 340.00
169.00 339.00
169.00 339.00
170.00 338.00
170.00 338.00
171.00 337.00
171.00 337.00
172.00 336.00
172.00 336.00
173.00 335.00
173.00 335.00
174.00 335.00
174.00 334.00
174.00 334.00
175.00 333.00
175.00 333.00
176.00 332.00
176.00 332.00
177.00 331.00
178.00 331.00
178.00 330.00
179.00 330.00
179.00 329.00
180.00 329.00
180.00 328.00
181.00 328.00
181.00 327.00
182.00 326.00
182.00 326.00
183.00 325.00
183.00 325.00
184.00 324.00
185.00 324.00
185.00 323.00
186.00 323.00
186.00 322.00
187.00 321.00
187.00 321.00
188.00 320.00
189.00 320.00
189.00 319.00
190.00 319.00
190.00 318.00
191.00 317.00
192.00 317.00
192.00 316.00
193.00 315.00
194.00 315.00
194.00 314.00
195.00 314.00
195.00 313.00
196.00 312.00
197.00 312.00
197.00 311.00
198.00 310.00
199.00 310.00
199.00 309.00
200.00 309.00
201.00 308.00
201.00 307.00
202.00 307.00
203.00 306.00
203.00 305.00
204.00 305.00
205.00 304.00
206.00 303.00
206.00 302.00
207.00 302.00
208.00 301.00
208.00 300.00
209.00 300.00
210.00 299.00
211.00 298.00
211.00 298.00
212.00 297.00
213.00 296.00
214.00 295.00
214.00 295.00
215.00 294.00
215.00 294.00
215.00 294.00
215.00 294.00
215.00 294.00
215.00 294.00
215.00 294.00
214.00 294.00
214.00 294.00
168.00 341.00
168.00 341.00
168.00 341.00
168.00 341.00
168.00 341.00
167.00 342.00
167.00 342.00
167.00 342.00
167.00 342.00
167.00 342.00
167.00 342.00
167.00 342.00
167.00 342.00
167.00 342.00
167.00 342.00
167.00 342.00
166.00 342.00
166.00 342.00
166.00 343.00
166.00 343.00
166.00 343.00
166.00 343.00
166.00 343.00
166.00 343.00
166.00 343.00
166.00 343.00
166.00 343.00
166.00 343.00
166.00 343.00
166.00 343.00
166.00 343.00
166.00 343.00
166.00 343.00
166.00 343.00
166.00 343.00
166.00 343.00
166.00 343.00
165.00 343.00
165.00 343.00
165.00 343.00
165.00 343.00
165.00 343.00
165.00 343.00
165.00 343.00
165.00 343.00
