172.00 333.00
172.00 333.00
172.00 333.00
172.00 333.00
172.00 333.00
172.00 333.00
172.00 333.00
172.00 333.00
172.00 333.00
172.00 333.00
172.00 332.00
172.00 332.00
173.00 332.00
173.00 332.00
173.00 332.00
173.00 332.00
173.00 332.00
173.00 332.00
173.00 332.00
173.00 332.00
173.00 332.00
173.00 332.00
173.00 332.00
173.00 332.00
173.00 332.00
173.00 332.00
173.00 332.00
173.00 332.00
173.00 332.00
173.00 331.00
174.00 331.00
174.00 331.00
174.00 331.00
174.00 331.00
174.00 331.00
174.00 331.00
174.00 331.00
174.00 331.00
174.00 331.00
174.00 331.00
174.00 330.00
175.00 330.00
175.00 330.00
175.00 330.00
175.00 330.00
175.00 330.00
175.00 330.00
175.00 330.00
175.00 330.00
176.00 329.00
176.00 329.00
176.00 329.00
176.00 329.00
176.00 329.00
176.00 329.00
176.00 329.00
177.00 328.00
177.00 328.00
177.00 328.00
177.00 328.00
177.00 328.00
177.00 328.00
177.00 327.00
178.00 327.00
178.00 327.00
178.00 327.00
177.00 328.00
176.00 329.00
175.00 330.00
174.00 331.00
173.00 332.00
172.00 333.00
171.00 334.00
170.00 335.00
169.00 336.00
168.00 337.00
168.00 338.00
167.00 338.00
166.00 339.00
165.00 340.00
164.00 341.00
163.00 342.00
162.00 343.00
162.00 344.00
161.00 345.00
160.00 345.00
159.00 346.00
158.00 347.00
157.00 348.00
157.00 349.00
156.00 350.00
155.00 350.00
154.00 351.00
154.00 352.00
153.00 353.00
152.00 353.00
151.00 354.00
151.00 355.00
150.00 356.00
149.00 356.00
148.00 357.00
148.00 358.00
147.00 359.00
146.00 359.00
146.00 360.00
145.00 361.00
144.00 361.00
144.00 362.00
143.00 363.00
142.00 363.00
142.00 364.00
141.00 365.00
141.00 365.00
140.00 366.00
139.00 367.00
139.00 367.00
138.00 368.00
138.00 368.00
137.00 369.00
137.00 369.00
138.00 368.00
138.00 368.00
139.00 367.00
139.00 367.00
140.00 366.00
140.00 366.00
141.00 365.00
141.00 365.00
142.00 364.00
142.00 364.00
142.00 364.00
143.00 363.00
143.00 363.00
144.00 362.00
144.00 362.00
145.00 361.00
146.00 360.00
146.00 360.00
147.00 359.00
147.00 359.00
148.00 358.00
148.00 358.00
149.00 357.00
149.00 357.00
150.00 356.00
150.00 356.00
151.00 355.00
152.00 354.00
152.00 354.00
153.00 353.00
153.00 353.00
154.00 352.00
155.00 351.00
155.00 351.00
156.00 350.00
157.00 350.00
157.00 349.00
158.00 348.00
158.00 348.00
159.00 347.00
160.00 346.00
160.00 346.00
161.00 345.00
162.00 344.00
163.00 344.00
163.00 343.00
164.00 342.00
165.00 342.00
165.00 341.00
166.00 340.00
167.00 340.00
168.00 339.00
168.00 338.00
169.00 337.00
170.00 337.00
171.00 336.00
171.00 335.00
172.00 334.00
173.00 334.00
174.00 333.00
174.00 332.00
175.00 331.00
176.00 330.00
177.00 330.00
178.00 329.00
179.00 328.00
179.00 327.00
180.00 326.00
181.00 326.00
182.00 325.00
183.00 324.00
184.00 323.00
185.00 322.00
186.00 321.00
186.00 320.00
187.00 320.00
188.00 319.00
189.00 318.00
190.00 317.00
191.00 316.00
191.00 316.00
191.00 316.00
191.00 316.00
190.00 316.00
190.00 317.00
190.00 317.00
190.00 317.00
190.00 317.00
190.00 317.00
190.00 317.00
190.00 317.00
189.00 317.00
189.00 317.00
189.00 318.00
189.00 318.00
189.00 318.00
189.00 318.00
189.00 318.00
189.00 318.00
189.00 318.00
189.00 318.00
188.00 318.00
188.00 318.00
188.00 318.00
188.00 319.00
188.00 319.00
188.00 319.00
188.00 319.00
188.00 319.00
188.00 319.00
188.00 319.00
188.00 319.00
188.00 319.00
188.00 319.00
188.00 319.00
187.00 319.00
187.00 319.00
187.00 319.00
187.00 319.00
187.00 319.00
187.00 319.00
187.00 320.00
187.00 320.00
187.00 320.00
187.00 320.00
187.00 320.00
187.00 320.00
187.00 320.00
187.00 320.00
187.00 320.00
187.00 320.00
187.00 320.00
187.00 320.00
187.00 320.00
187.00 320.00
187.00 320.00
187.00 320.00
187.00 320.00
187.00 320.00
187.00 320.00
187.00 320.00
187.00 320.00
187.00 320.00
187.00 320.00
187.00 320.00
187.00 320.00
187.00 320.00
187.00 320.00
187.00 320.00
187.00 320.00
187.00 320.00
187.00 320.00
187.00 320.00
187.00 320.00
187.00 320.00
187.00 320.00
187.00 320.00
187.00 319.00
187.00 319.00
187.00 319.00
187.00 319.00
187.00 319.00
187.00 319.00
187.00 319.00
187.00 319.00
188.00 319.00
188.00 319.00
188.00 319.00
188.00 319.00
188.00 319.00
188.00 319.00
188.00 319.00
188.00 319.00
188.00 319.00
188.00 318.00
188.00 318.00
188.00 318.00
188.00 318.00
188.00 318.00
189.00 318.00
189.00 318.00
189.00 318.00
189.00 318.00
189.00 318.00
189.00 318.00
189.00 317.00
189.00 317.00
189.00 317.00
189.00 317.00
190.00 317.00
190.00 317.00
190.00 317.00
190.00 317.00
190.00 317.00
190.00 316.00
190.00 316.00
190.00 316.00
191.00 316.00
191.00 316.00
191.00 316.00
191.00 316.00
191.00 316.00
191.00 315.00
191.00 315.00
192.00 315.00
192.00 315.00
192.00 315.00
192.00 315.00
192.00 315.00
192.00 314.00
192.00 314.00
193.00 314.00
193.00 314.00
193.00 314.00
193.00 314.00
193.00 313.00
193.00 313.00
194.00 313.00
194.00 313.00
194.00 313.00
194.00 313.00
194.00 312.00
195.00 312.00
195.00 312.00
195.00 312.00
195.00 312.00
195.00 312.00
196.00 311.00
196.00 311.00
196.00 311.00
196.00 311.00
196.00 311.00
197.00 310.00
197.00 310.00
197.00 310.00
197.00 310.00
197.00 310.00
198.00 309.00
198.00 309.00
198.00 309.00
198.00 309.00
199.00 308.00
199.00 308.00
199.00 308.00
199.00 308.00
198.00 309.00
198.00 309.00
197.00 310.00
197.00 310.00
197.00 310.00
196.00 311.00
196.00 311.00
195.00 312.00
195.00 312.00
195.00 312.00
194.00 313.00
194.00 313.00
193.00 313.00
193.00 314.00
193.00 314.00
192.00 314.00
192.00 315.00
192.00 315.00
191.00 316.00
191.00 316.00
190.00 316.00
190.00 317.00
190.00 317.00
189.00 317.00
189.00 318.00
189.00 318.00
188.00 318.00
188.00 319.00
188.00 319.00
187.00 319.00
187.00 320.00
187.00 320.00
186.00 320.00
186.00 320.00
186.00 321.00
185.00 321.00
185.00 321.00
185.00 322.00
184.00 322.00
184.00 322.00
184.00 323.00
184.00 323.00
183.00 323.00
183.00 323.00
183.00 324.00
182.00 324.00
182.00 324.00
182.00 325.00
181.00 325.00
181.00 325.00
181.00 325.00
181.00 326.00
180.00 326.00
180.00 326.00
180.00 326.00
180.00 327.00
179.00 327.00
179.00 327.00
179.00 327.00
179.00 328.00
178.00 328.00
178.00 328.00
178.00 328.00
178.00 329.00
177.00 329.00
177.00 329.00
177.00 329.00
177.00 329.00
176.00 330.00
176.00 330.00
176.00 330.00
176.00 330.00
176.00 331.00
175.00 331.00
175.00 331.00
175.00 331.00
175.00 331.00
175.00 332.00
174.00 332.00
174.00 332.00
174.00 332.00
174.00 332.00
174.00 332.00
173.00 333.00
173.00 333.00
173.00 333.00
173.00 333.00
173.00 333.00
173.00 333.00
172.00 334.00
172.00 334.00
172.00 334.00
172.00 334.00
172.00 334.00
172.00 334.00
172.00 335.00
171.00 335.00
171.00 335.00
171.00 335.00
171.00 335.00
171.00 335.00
171.00 335.00
171.00 336.00
170.00 336.00
170.00 336.00
170.00 336.00
170.00 336.00
170.00 336.00
170.00 336.00
170.00 336.00
170.00 336.00
170.00 337.00
169.00 337.00
169.00 337.00
169.00 337.00
169.00 337.00
169.00 337.00
169.00 337.00
169.00 337.00
169.00 337.00
169.00 337.00
169.00 337.00
169.00 337.00
169.00 338.00
169.00 338.00
168.00 338.00
168.00 338.00
168.00 338.00
168.00 338.00
168.00 338.00
168.00 338.00
168.00 338.00
168.00 338.00
168.00 338.00
168.00 338.00
168.00 338.00
168.00 338.00
168.00 338.00
168.00 338.00
168.00 338.00
168.00 338.00
168.00 338.00
168.00 338.00
168.00 338.00
168.00 338.00
168.00 338.00
168.00 338.00
168.00 338.00
168.00 338.00
168.00 338.00
168.00 338.00
168.00 338.00
168.00 338.00
168.00 338.00
168.00 338.00
168.00 338.00
168.00 338.00
168.00 338.00
168.00 338.00
168.00 338.00
168.00 338.00
168.00 338.00
168.00 338.00
168.00 338.00
168.00 338.00
168.00 338.00
168.00 338.00
168.00 338.00
168.00 338.00
168.00 338.00
168.00 338.00
168.00 338.00
168.00 338.00
169.00 338.00
169.00 338.00
169.00 338.00
169.00 338.00
169.00 337.00
169.00 337.00
169.00 337.00
169.00 337.00
169.00 337.00
169.00 337.00
169.00 337.00
169.00 337.00
170.00 337.00
170.00 337.00
170.00 337.00
170.00 337.00
170.00 336.00
170.00 336.00
170.00 336.00
170.00 336.00
170.00 336.00
171.00 336.00
171.00 336.00
171.00 336.00
171.00 336.00
171.00 335.00
171.00 335.00
171.00 335.00
171.00 335.00
172.00 335.00
172.00 335.00
172.00 335.00
172.00 334.00
172.00 334.00
172.00 334.00
173.00 334.00
173.00 334.00
173.00 334.00
173.00 334.00
173.00 333.00
173.00 333.00
174.00 333.00
174.00 333.00
174.00 333.00
174.00 332.00
174.00 332.00
175.00 332.00
175.00 332.00
175.00 332.00
175.00 332.00
175.00 331.00
176.00 331.00
176.00 331.00
176.00 331.00
176.00 331.00
176.00 330.00
177.00 330.00
177.00 330.00
177.00 330.00
177.00 330.00
178.00 329.00
178.00 329.00
178.00 329.00
178.00 329.00
179.00 328.00
179.00 328.00
179.00 328.00
179.00 328.00
180.00 327.00
180.00 327.00
180.00 327.00
180.00 327.00
181.00 326.00
181.00 326.00
181.00 326.00
181.00 326.00
182.00 325.00
182.00 325.00
182.00 325.00
183.00 325.00
183.00 324.00
183.00 324.00
183.00 324.00
184.00 323.00
184.00 323.00
184.00 323.00
185.00 323.00
185.00 322.00
185.00 322.00
186.00 322.00
186.00 321.00
186.00 321.00
187.00 321.00
187.00 321.00
187.00 320.00
188.00 320.00
188.00 320.00
188.00 319.00
189.00 319.00
189.00 319.00
189.00 318.00
190.00 318.00
190.00 318.00
190.00 317.00
191.00 317.00
191.00 317.00
191.00 316.00
192.00 316.00
192.00 316.00
192.00 315.00
193.00 315.00
193.00 314.00
194.00 314.00
194.00 314.00
194.00 313.00
195.00 313.00
195.00 313.00
196.00 312.00
196.00 312.00
196.00 312.00
197.00 311.00
197.00 311.00
198.00 310.00
198.00 310.00
198.00 310.00
197.00 310.00
197.00 311.00
197.00 311.00
197.00 311.00
196.00 311.00
196.00 312.00
196.00 312.00
196.00 312.00
195.00 312.00
195.00 313.00
195.00 313.00
195.00 313.00
195.00 313.00
194.00 313.00
194.00 314.00
194.00 314.00
194.00 314.00
193.00 314.00
193.00 314.00
193.00 315.00
193.00 315.00
193.00 315.00
192.00 315.00
192.00 315.00
192.00 316.00
192.00 316.00
192.00 316.00
191.00 316.00
191.00 316.00
191.00 317.00
191.00 317.00
191.00 317.00
190.00 317.00
190.00 317.00
190.00 317.00
190.00 318.00
190.00 318.00
189.00 318.00
189.00 318.00
189.00 318.00
189.00 318.00
189.00 319.00
189.00 319.00
188.00 319.00
188.00 319.00
188.00 319.00
188.00 319.00
188.00 319.00
188.00 320.00
188.00 320.00
187.00 320.00
187.00 320.00
187.00 320.00
187.00 320.00
187.00 320.00
187.00 320.00
187.00 321.00
186.00 321.00
186.00 321.00
186.00 321.00
186.00 321.00
186.00 321.00
186.00 321.00
186.00 321.00
186.00 321.00
186.00 322.00
185.00 322.00
185.00 322.00
185.00 322.00
185.00 322.00
185.00 322.00
185.00 322.00
185.00 322.00
185.00 322.00
185.00 322.00
185.00 322.00
185.00 322.00
184.00 323.00
184.00 323.00
184.00 323.00
184.00 323.00
184.00 323.00
184.00 323.00
184.00 323.00
184.00 323.00
184.00 323.00
184.00 323.00
184.00 323.00
184.00 323.00
184.00 323.00
184.00 323.00
184.00 323.00
184.00 323.00
184.00 323.00
183.00 323.00
183.00 323.00
183.00 323.00
183.00 323.00
183.00 323.00
183.00 324.00
183.00 324.00
183.00 324.00
183.00 324.00
183.00 324.00
183.00 324.00
183.00 324.00
183.00 324.00
183.00 324.00
183.00 324.00
183.00 324.00
183.00 324.00
183.00 324.00
183.00 324.00
183.00 324.00
183.00 324.00
183.00 324.00
183.00 324.00
183.00 323.00
183.00 323.00
183.00 323.00
183.00 323.00
183.00 323.00
183.00 323.00
183.00 323.00
183.00 323.00
183.00 323.00
184.00 323.00
184.00 323.00
184.00 323.00
184.00 323.00
184.00 323.00
184.00 323.00
184.00 323.00
184.00 323.00
184.00 323.00
184.00 323.00
184.00 323.00
184.00 323.00
184.00 323.00
184.00 322.00
184.00 322.00
184.00 322.00
184.00 322.00
185.00 322.00
185.00 322.00
185.00 322.00
185.00 322.00
185.00 322.00
185.00 322.00
185.00 322.00
185.00 322.00
185.00 321.00
185.00 321.00
185.00 321.00
186.00 321.00
186.00 321.00
186.00 321.00
186.00 321.00
186.00 321.00
186.00 321.00
186.00 320.00
186.00 320.00
186.00 320.00
187.00 320.00
187.00 320.00
187.00 320.00
187.00 320.00
187.00 320.00
187.00 319.00
187.00 319.00
188.00 319.00
188.00 319.00
188.00 319.00
188.00 319.00
188.00 319.00
188.00 318.00
188.00 318.00
189.00 318.00
189.00 318.00
189.00 318.00
189.00 318.00
189.00 317.00
189.00 317.00
190.00 317.00
190.00 317.00
190.00 317.00
190.00 317.00
190.00 316.00
191.00 316.00
191.00 316.00
191.00 316.00
191.00 316.00
191.00 315.00
192.00 315.00
192.00 315.00
192.00 315.00
192.00 315.00
192.00 314.00
193.00 314.00
193.00 314.00
193.00 314.00
193.00 314.00
193.00 313.00
194.00 313.00
194.00 313.00
194.00 313.00
194.00 313.00
195.00 312.00
195.00 312.00
195.00 312.00
195.00 312.00
195.00 311.00
196.00 311.00
196.00 311.00
196.00 311.00
196.00 310.00
197.00 310.00
197.00 310.00
197.00 310.00
197.00 310.00
198.00 309.00
198.00 309.00
198.00 309.00
197.00 310.00
197.00 310.00
197.00 310.00
196.00 311.00
196.00 311.00
195.00 311.00
195.00 312.00
195.00 312.00
194.00 312.00
194.00 313.00
194.00 313.00
193.00 313.00
193.00 314.00
193.00 314.00
192.00 314.00
192.00 314.00
192.00 315.00
191.00 315.00
191.00 315.00
191.00 316.00
190.00 316.00
190.00 316.00
190.00 317.00
190.00 317.00
189.00 317.00
189.00 317.00
189.00 318.00
188.00 318.00
188.00 318.00
188.00 318.00
187.00 319.00
187.00 319.00
187.00 319.00
187.00 320.00
186.00 320.00
186.00 320.00
186.00 320.00
186.00 321.00
185.00 321.00
185.00 321.00
185.00 321.00
184.00 322.00
184.00 322.00
184.00 322.00
184.00 322.00
183.00 322.00
183.00 323.00
183.00 323.00
183.00 323.00
183.00 323.00
182.00 324.00
182.00 324.00
182.00 324.00
182.00 324.00
181.00 324.00
181.00 325.00
181.00 325.00
181.00 325.00
181.00 325.00
180.00 325.00
180.00 326.00
180.00 326.00
180.00 326.00
180.00 326.00
179.00 326.00
179.00 326.00
179.00 327.00
179.00 327.00
179.00 327.00
178.00 327.00
178.00 327.00
178.00 327.00
178.00 328.00
178.00 328.00
178.00 328.00
177.00 328.00
177.00 328.00
177.00 328.00
177.00 329.00
177.00 329.00
177.00 329.00
176.00 329.00
176.00 329.00
176.00 329.00
176.00 329.00
176.00 329.00
176.00 330.00
176.00 330.00
175.00 330.00
175.00 330.00
175.00 330.00
175.00 330.00
175.00 330.00
175.00 330.00
175.00 331.00
175.00 331.00
175.00 331.00
174.00 331.00
174.00 331.00
174.00 331.00
174.00 331.00
174.00 331.00
174.00 331.00
174.00 331.00
174.00 331.00
174.00 332.00
174.00 332.00
173.00 332.00
173.00 332.00
173.00 332.00
173.00 332.00
173.00 332.00
173.00 332.00
173.00 332.00
173.00 332.00
173.00 332.00
173.00 332.00
173.00 332.00
173.00 332.00
173.00 332.00
173.00 332.00
173.00 332.00
173.00 332.00
173.00 332.00
173.00 333.00
172.00 333.00
172.00 333.00
172.00 333.00
172.00 333.00
172.00 333.00
172.00 333.00
172.00 333.00
172.00 333.00
172.00 333.00
172.00 333.00
172.00 333.00
172.00 333.00
172.00 333.00
