142.00 332.00
142.00 332.00
142.00 332.00
142.00 332.00
142.00 332.00
142.00 332.00
142.00 332.00
142.00 332.00
142.00 332.00
142.00 332.00
142.00 332.00
142.00 332.00
142.00 332.00
142.00 332.00
142.00 332.00
142.00 332.00
142.00 332.00
142.00 332.00
142.00 331.00
142.00 331.00
142.00 331.00
142.00 331.00
142.00 331.00
142.00 331.00
142.00 331.00
143.00 331.00
143.00 331.00
143.00 331.00
143.00 331.00
143.00 331.00
143.00 331.00
143.00 331.00
143.00 331.00
143.00 331.00
143.00 331.00
143.00 331.00
143.00 331.00
143.00 330.00
144.00 330.00
144.00 330.00
144.00 330.00
144.00 330.00
144.00 330.00
144.00 330.00
144.00 330.00
144.00 330.00
144.00 330.00
145.00 330.00
145.00 329.00
145.00 329.00
145.00 329.00
145.00 329.00
145.00 329.00
145.00 329.00
145.00 329.00
146.00 329.00
146.00 328.00
146.00 328.00
146.00 328.00
146.00 328.00
146.00 328.00
147.00 328.00
147.00 328.00
147.00 328.00
147.00 327.00
147.00 327.00
147.00 327.00
148.00 327.00
148.00 327.00
148.00 327.00
148.00 326.00
148.00 326.00
149.00 326.00
149.00 326.00
149.00 326.00
149.00 326.00
149.00 325.00
150.00 325.00
150.00 325.00
150.00 325.00
150.00 325.00
151.00 325.00
151.00 324.00
151.00 324.00
151.00 324.00
152.00 324.00
152.00 324.00
152.00 323.00
152.00 323.00
153.00 323.00
153.00 323.00
153.00 323.00
153.00 322.00
154.00 322.00
154.00 322.00
154.00 322.00
155.00 321.00
155.00 321.00
155.00 321.00
155.00 321.00
156.00 320.00
156.00 320.00
156.00 320.00
157.00 320.00
157.00 320.00
157.00 319.00
158.00 319.00
158.00 319.00
158.00 319.00
159.00 318.00
159.00 318.00
158.00 318.00
158.00 319.00
157.00 319.00
156.00 320.00
156.00 320.00
155.00 321.00
155.00 321.00
154.00 322.00
154.00 322.00
153.00 323.00
152.00 323.00
152.00 324.00
151.00 324.00
151.00 324.00
150.00 325.00
150.00 325.00
149.00 326.00
149.00 326.00
148.00 327.00
147.00 327.00
147.00 327.00
146.00 328.00
146.00 328.00
145.00 329.00
145.00 329.00
144.00 329.00
144.00 330.00
143.00 330.00
143.00 331.00
143.00 331.00
142.00 331.00
142.00 332.00
141.00 332.00
141.00 332.00
140.00 333.00
140.00 333.00
139.00 334.00
139.00 334.00
139.00 334.00
138.00 335.00
138.00 335.00
137.00 335.00
137.00 336.00
137.00 336.00
136.00 336.00
136.00 337.00
135.00 337.00
135.00 337.00
135.00 338.00
134.00 338.00
134.00 338.00
133.00 339.00
133.00 339.00
133.00 339.00
132.00 339.00
132.00 340.00
132.00 340.00
131.00 340.00
131.00 341.00
131.00 341.00
130.00 341.00
130.00 341.00
130.00 342.00
130.00 342.00
129.00 342.00
129.00 343.00
129.00 343.00
128.00 343.00
128.00 343.00
128.00 344.00
127.00 344.00
127.00 344.00
127.00 344.00
127.00 345.00
126.00 345.00
126.00 345.00
126.00 345.00
126.00 345.00
125.00 346.00
125.00 346.00
125.00 346.00
125.00 346.00
124.00 347.00
124.00 347.00
124.00 347.00
124.00 347.00
124.00 347.00
123.00 348.00
123.00 348.00
123.00 348.00
123.00 348.00
122.00 348.00
122.00 348.00
122.00 349.00
122.00 349.00
122.00 349.00
122.00 349.00
121.00 349.00
121.00 349.00
121.00 350.00
121.00 350.00
121.00 350.00
121.00 350.00
120.00 350.00
120.00 350.00
120.00 351.00
120.00 351.00
120.00 351.00
120.00 351.00
119.00 351.00
119.00 351.00
119.00 351.00
119.00 351.00
119.00 352.00
119.00 352.00
119.00 352.00
119.00 352.00
118.00 352.00
118.00 352.00
118.00 352.00
118.00 352.00
118.00 352.00
118.00 352.00
118.00 353.00
118.00 353.00
118.00 353.00
118.00 353.00
118.00 353.00
117.00 353.00
117.00 353.00
117.00 353.00
117.00 353.00
117.00 353.00
117.00 353.00
117.00 353.00
117.00 353.00
117.00 353.00
117.00 353.00
117.00 354.00
117.00 354.00
117.00 354.00
117.00 354.00
117.00 354.00
117.00 354.00
117.00 354.00
117.00 354.00
117.00 354.00
117.00 354.00
117.00 354.00
117.00 354.00
117.00 354.00
117.00 354.00
117.00 354.00
117.00 354.00
117.00 354.00
117.00 354.00
117.00 354.00
117.00 354.00
117.00 354.00
117.00 354.00
117.00 354.00
117.00 354.00
117.00 354.00
117.00 354.00
117.00 354.00
117.00 354.00
117.00 354.00
117.00 354.00
117.00 354.00
117.00 354.00
117.00 353.00
117.00 353.00
117.00 353.00
117.00 353.00
117.00 353.00
117.00 353.00
117.00 353.00
117.00 353.00
118.00 353.00
118.00 353.00
118.00 353.00
118.00 353.00
118.00 353.00
118.00 353.00
118.00 352.00
118.00 352.00
118.00 352.00
118.00 352.00
118.00 352.00
119.00 352.00
119.00 352.00
119.00 352.00
119.00 352.00
119.00 352.00
119.00 351.00
119.00 351.00
119.00 351.00
120.00 351.00
120.00 351.00
120.00 351.00
120.00 351.00
120.00 351.00
120.00 350.00
120.00 350.00
121.00 350.00
121.00 350.00
121.00 350.00
121.00 350.00
121.00 350.00
122.00 349.00
122.00 349.00
122.00 349.00
122.00 349.00
122.00 349.00
122.00 348.00
123.00 348.00
123.00 348.00
123.00 348.00
123.00 348.00
123.00 348.00
124.00 347.00
124.00 347.00
124.00 347.00
124.00 347.00
125.00 347.00
125.00 346.00
125.00 346.00
125.00 346.00
126.00 346.00
126.00 345.00
126.00 345.00
126.00 345.00
127.00 345.00
127.00 345.00
127.00 344.00
127.00 344.00
128.00 344.00
128.00 344.00
128.00 343.00
129.00 343.00
129.00 343.00
129.00 343.00
129.00 342.00
130.00 342.00
130.00 342.00
130.00 341.00
131.00 341.00
131.00 341.00
131.00 341.00
132.00 340.00
132.00 340.00
132.00 340.00
133.00 339.00
133.00 339.00
133.00 339.00
134.00 339.00
134.00 338.00
135.00 338.00
135.00 338.00
135.00 337.00
136.00 337.00
136.00 337.00
136.00 336.00
137.00 336.00
137.00 336.00
138.00 335.00
138.00 335.00
138.00 335.00
139.00 334.00
139.00 334.00
140.00 334.00
140.00 333.00
141.00 333.00
141.00 333.00
142.00 332.00
142.00 332.00
142.00 331.00
143.00 331.00
143.00 331.00
144.00 330.00
144.00 330.00
145.00 329.00
145.00 329.00
146.00 329.00
146.00 328.00
147.00 328.00
147.00 327.00
148.00 327.00
148.00 327.00
149.00 326.00
149.00 326.00
150.00 325.00
151.00 325.00
151.00 325.00
152.00 324.00
152.00 324.00
153.00 323.00
153.00 323.00
154.00 322.00
155.00 322.00
155.00 321.00
156.00 321.00
156.00 320.00
157.00 320.00
157.00 320.00
156.00 321.00
156.00 321.00
156.00 321.00
155.00 321.00
155.00 322.00
155.00 322.00
154.00 322.00
154.00 322.00
154.00 322.00
153.00 323.00
153.00 323.00
153.00 323.00
153.00 323.00
152.00 324.00
152.00 324.00
152.00 324.00
151.00 324.00
151.00 324.00
151.00 325.00
151.00 325.00
150.00 325.00
150.00 325.00
150.00 326.00
150.00 326.00
149.00 326.00
149.00 326.00
149.00 326.00
149.00 326.00
148.00 327.00
148.00 327.00
148.00 327.00
148.00 327.00
147.00 327.00
147.00 328.00
147.00 328.00
147.00 328.00
147.00 328.00
146.00 328.00
146.00 328.00
146.00 329.00
146.00 329.00
146.00 329.00
145.00 329.00
145.00 329.00
145.00 329.00
145.00 329.00
145.00 330.00
145.00 330.00
144.00 330.00
144.00 330.00
144.00 330.00
144.00 330.00
144.00 330.00
144.00 330.00
143.00 331.00
143.00 331.00
143.00 331.00
143.00 331.00
143.00 331.00
143.00 331.00
143.00 331.00
142.00 331.00
142.00 331.00
142.00 332.00
142.00 332.00
142.00 332.00
142.00 332.00
142.00 332.00
142.00 332.00
142.00 332.00
141.00 332.00
141.00 332.00
141.00 332.00
141.00 332.00
141.00 332.00
141.00 333.00
141.00 333.00
141.00 333.00
141.00 333.00
141.00 333.00
141.00 333.00
141.00 333.00
141.00 333.00
140.00 333.00
140.00 333.00
140.00 333.00
140.00 333.00
140.00 333.00
140.00 333.00
140.00 333.00
140.00 333.00
140.00 333.00
140.00 333.00
140.00 333.00
140.00 333.00
140.00 333.00
140.00 333.00
140.00 333.00
140.00 333.00
140.00 333.00
140.00 333.00
140.00 333.00
140.00 333.00
140.00 333.00
140.00 333.00
140.00 333.00
140.00 333.00
140.00 333.00
140.00 333.00
140.00 333.00
140.00 333.00
140.00 333.00
140.00 333.00
140.00 333.00
140.00 333.00
140.00 333.00
140.00 333.00
140.00 333.00
140.00 333.00
140.00 333.00
140.00 333.00
141.00 333.00
141.00 333.00
141.00 333.00
141.00 333.00
141.00 333.00
141.00 333.00
141.00 333.00
141.00 332.00
141.00 332.00
141.00 332.00
141.00 332.00
141.00 332.00
141.00 332.00
142.00 332.00
142.00 332.00
142.00 332.00
142.00 332.00
142.00 332.00
142.00 332.00
142.00 331.00
142.00 331.00
142.00 331.00
143.00 331.00
143.00 331.00
143.00 331.00
143.00 331.00
143.00 331.00
143.00 331.00
143.00 331.00
144.00 330.00
144.00 330.00
144.00 330.00
144.00 330.00
201.00 289.00
201.00 289.00
201.00 288.00
201.00 288.00
201.00 288.00
202.00 288.00
202.00 288.00
202.00 288.00
202.00 288.00
202.00 288.00
201.00 289.00
200.00 289.00
200.00 290.00
199.00 290.00
198.00 290.00
197.00 291.00
197.00 291.00
196.00 292.00
195.00 292.00
195.00 293.00
194.00 293.00
193.00 294.00
192.00 294.00
192.00 295.00
191.00 295.00
190.00 296.00
190.00 296.00
189.00 297.00
188.00 297.00
187.00 298.00
187.00 298.00
186.00 299.00
185.00 299.00
185.00 300.00
184.00 300.00
183.00 300.00
183.00 301.00
182.00 301.00
182.00 302.00
181.00 302.00
180.00 303.00
180.00 303.00
179.00 304.00
178.00 304.00
178.00 304.00
177.00 305.00
177.00 305.00
176.00 306.00
175.00 306.00
175.00 306.00
174.00 307.00
174.00 307.00
173.00 308.00
173.00 308.00
172.00 309.00
171.00 309.00
171.00 309.00
170.00 310.00
170.00 310.00
169.00 311.00
169.00 311.00
168.00 311.00
168.00 312.00
167.00 312.00
167.00 312.00
166.00 313.00
166.00 313.00
165.00 314.00
165.00 314.00
164.00 314.00
164.00 315.00
163.00 315.00
163.00 315.00
162.00 316.00
162.00 316.00
161.00 316.00
161.00 317.00
160.00 317.00
160.00 317.00
159.00 318.00
159.00 318.00
159.00 318.00
158.00 319.00
158.00 319.00
157.00 319.00
157.00 320.00
157.00 320.00
156.00 320.00
156.00 321.00
155.00 321.00
155.00 321.00
154.00 322.00
154.00 322.00
154.00 322.00
153.00 323.00
153.00 323.00
153.00 323.00
152.00 323.00
152.00 324.00
151.00 324.00
151.00 324.00
151.00 325.00
150.00 325.00
150.00 325.00
150.00 325.00
149.00 326.00
149.00 326.00
149.00 326.00
148.00 326.00
148.00 327.00
148.00 327.00
147.00 327.00
147.00 327.00
147.00 328.00
147.00 328.00
146.00 328.00
146.00 328.00
146.00 329.00
145.00 329.00
145.00 329.00
145.00 329.00
145.00 330.00
144.00 330.00
144.00 330.00
144.00 330.00
144.00 330.00
143.00 331.00
143.00 331.00
143.00 331.00
143.00 331.00
142.00 332.00
142.00 332.00
142.00 332.00
142.00 332.00
141.00 332.00
141.00 332.00
141.00 333.00
141.00 333.00
141.00 333.00
140.00 333.00
140.00 333.00
140.00 334.00
140.00 334.00
139.00 334.00
139.00 334.00
139.00 334.00
139.00 334.00
139.00 335.00
139.00 335.00
138.00 335.00
138.00 335.00
138.00 335.00
138.00 335.00
138.00 335.00
138.00 336.00
137.00 336.00
137.00 336.00
137.00 336.00
137.00 336.00
137.00 336.00
137.00 336.00
137.00 336.00
136.00 337.00
136.00 337.00
136.00 337.00
136.00 337.00
136.00 337.00
136.00 337.00
136.00 337.00
136.00 337.00
136.00 337.00
135.00 337.00
135.00 338.00
135.00 338.00
135.00 338.00
135.00 338.00
135.00 338.00
135.00 338.00
135.00 338.00
135.00 338.00
135.00 338.00
135.00 338.00
134.00 338.00
134.00 338.00
134.00 338.00
134.00 338.00
134.00 338.00
134.00 339.00
134.00 339.00
134.00 339.00
134.00 339.00
134.00 339.00
134.00 339.00
134.00 339.00
134.00 339.00
134.00 339.00
134.00 339.00
134.00 339.00
134.00 339.00
134.00 339.00
134.00 339.00
134.00 339.00
134.00 339.00
134.00 339.00
134.00 339.00
134.00 339.00
134.00 339.00
134.00 339.00
134.00 339.00
134.00 339.00
134.00 339.00
134.00 339.00
134.00 339.00
134.00 339.00
134.00 339.00
134.00 339.00
134.00 339.00
134.00 339.00
134.00 339.00
134.00 339.00
134.00 339.00
134.00 339.00
134.00 339.00
134.00 339.00
134.00 338.00
134.00 338.00
135.00 338.00
135.00 338.00
135.00 338.00
135.00 338.00
135.00 338.00
135.00 338.00
135.00 338.00
132.00 341.00
129.00 343.00
127.00 345.00
124.00 348.00
121.00 350.00
119.00 352.00
117.00 355.00
114.00 357.00
112.00 359.00
110.00 361.00
110.00 361.00
110.00 361.00
110.00 361.00
110.00 361.00
111.00 360.00
111.00 360.00
111.00 360.00
111.00 360.00
111.00 360.00
111.00 360.00
111.00 360.00
112.00 359.00
112.00 359.00
112.00 359.00
112.00 359.00
112.00 359.00
112.00 359.00
113.00 358.00
113.00 358.00
113.00 358.00
113.00 358.00
113.00 358.00
113.00 358.00
114.00 357.00
114.00 357.00
114.00 357.00
114.00 357.00
114.00 357.00
115.00 356.00
115.00 356.00
115.00 356.00
115.00 356.00
116.00 356.00
116.00 355.00
116.00 355.00
116.00 355.00
117.00 355.00
117.00 354.00
117.00 354.00
117.00 354.00
118.00 354.00
118.00 353.00
118.00 353.00
118.00 353.00
119.00 353.00
119.00 352.00
119.00 352.00
119.00 352.00
120.00 352.00
120.00 351.00
120.00 351.00
121.00 351.00
121.00 351.00
121.00 350.00
122.00 350.00
122.00 350.00
122.00 349.00
123.00 349.00
123.00 349.00
123.00 348.00
124.00 348.00
124.00 348.00
124.00 348.00
125.00 347.00
125.00 347.00
125.00 347.00
126.00 346.00
126.00 346.00
126.00 346.00
127.00 345.00
127.00 345.00
128.00 344.00
128.00 344.00
128.00 344.00
129.00 343.00
129.00 343.00
130.00 343.00
130.00 342.00
131.00 342.00
131.00 342.00
131.00 341.00
132.00 341.00
132.00 340.00
133.00 340.00
133.00 340.00
134.00 339.00
134.00 339.00
135.00 338.00
135.00 338.00
136.00 338.00
136.00 337.00
137.00 337.00
137.00 336.00
138.00 336.00
138.00 335.00
139.00 335.00
139.00 334.00
140.00 334.00
140.00 334.00
141.00 333.00
141.00 333.00
142.00 332.00
143.00 332.00
143.00 331.00
144.00 331.00
144.00 330.00
145.00 330.00
145.00 329.00
146.00 329.00
147.00 328.00
147.00 328.00
148.00 327.00
149.00 327.00
149.00 326.00
150.00 326.00
151.00 325.00
151.00 325.00
152.00 324.00
153.00 324.00
153.00 323.00
154.00 323.00
155.00 322.00
155.00 322.00
156.00 321.00
156.00 321.00
155.00 321.00
155.00 322.00
155.00 322.00
155.00 322.00
154.00 322.00
154.00 323.00
154.00 323.00
153.00 323.00
153.00 323.00
153.00 323.00
153.00 324.00
152.00 324.00
152.00 324.00
152.00 324.00
152.00 324.00
151.00 325.00
151.00 325.00
151.00 325.00
151.00 325.00
150.00 325.00
150.00 325.00
150.00 326.00
150.00 326.00
149.00 326.00
149.00 326.00
149.00 326.00
149.00 326.00
149.00 327.00
148.00 327.00
148.00 327.00
148.00 327.00
148.00 327.00
148.00 327.00
147.00 328.00
147.00 328.00
147.00 328.00
147.00 328.00
147.00 328.00
147.00 328.00
146.00 328.00
146.00 328.00
146.00 329.00
146.00 329.00
146.00 329.00
146.00 329.00
145.00 329.00
145.00 329.00
145.00 329.00
145.00 329.00
145.00 330.00
145.00 330.00
145.00 330.00
144.00 330.00
144.00 330.00
144.00 330.00
144.00 330.00
144.00 330.00
144.00 330.00
144.00 330.00
144.00 330.00
144.00 331.00
144.00 331.00
143.00 331.00
143.00 331.00
143.00 331.00
143.00 331.00
143.00 331.00
143.00 331.00
143.00 331.00
143.00 331.00
143.00 331.00
143.00 331.00
143.00 331.00
143.00 331.00
143.00 331.00
142.00 331.00
142.00 331.00
142.00 331.00
142.00 331.00
142.00 332.00
142.00 332.00
142.00 332.00
142.00 332.00
142.00 332.00
142.00 332.00
142.00 332.00
