197.00 302.00
197.00 302.00
197.00 302.00
197.00 302.00
197.00 302.00
197.00 302.00
197.00 302.00
197.00 302.00
197.00 302.00
197.00 302.00
197.00 302.00
197.00 302.00
197.00 302.00
193.00 305.00
189.00 309.00
185.00 312.00
181.00 315.00
178.00 318.00
174.00 321.00
170.00 324.00
167.00 327.00
164.00 330.00
160.00 333.00
157.00 336.00
154.00 339.00
151.00 341.00
148.00 344.00
148.00 344.00
148.00 344.00
148.00 344.00
148.00 344.00
148.00 344.00
149.00 343.00
149.00 343.00
149.00 343.00
149.00 343.00
149.00 343.00
149.00 343.00
149.00 343.00
149.00 343.00
149.00 343.00
150.00 342.00
150.00 342.00
150.00 342.00
150.00 342.00
150.00 342.00
150.00 342.00
150.00 342.00
150.00 341.00
151.00 341.00
151.00 341.00
151.00 341.00
151.00 341.00
151.00 341.00
151.00 341.00
152.00 340.00
152.00 340.00
152.00 340.00
152.00 340.00
152.00 340.00
152.00 340.00
153.00 339.00
153.00 339.00
153.00 339.00
153.00 339.00
153.00 339.00
154.00 338.00
154.00 338.00
154.00 338.00
154.00 338.00
154.00 338.00
155.00 337.00
155.00 337.00
155.00 337.00
155.00 337.00
156.00 337.00
156.00 336.00
156.00 336.00
156.00 336.00
157.00 336.00
157.00 335.00
157.00 335.00
157.00 335.00
158.00 335.00
158.00 334.00
158.00 334.00
158.00 334.00
159.00 334.00
159.00 333.00
159.00 333.00
159.00 333.00
160.00 333.00
160.00 332.00
160.00 332.00
161.00 332.00
161.00 332.00
161.00 331.00
162.00 331.00
162.00 331.00
162.00 330.00
163.00 330.00
163.00 330.00
163.00 329.00
163.00 329.00
164.00 329.00
164.00 329.00
165.00 328.00
165.00 328.00
165.00 328.00
166.00 327.00
166.00 327.00
166.00 327.00
167.00 326.00
167.00 326.00
166.00 326.00
166.00 327.00
165.00 327.00
165.00 328.00
164.00 328.00
164.00 329.00
163.00 329.00
163.00 329.00
162.00 330.00
162.00 330.00
162.00 331.00
161.00 331.00
161.00 332.00
160.00 332.00
160.00 332.00
159.00 333.00
159.00 333.00
158.00 334.00
158.00 334.00
158.00 334.00
157.00 335.00
157.00 335.00
156.00 335.00
156.00 336.00
155.00 336.00
155.00 337.00
155.00 337.00
154.00 337.00
154.00 338.00
153.00 338.00
153.00 338.00
153.00 339.00
152.00 339.00
152.00 339.00
152.00 340.00
151.00 340.00
151.00 340.00
150.00 341.00
150.00 341.00
150.00 341.00
149.00 342.00
149.00 342.00
149.00 342.00
148.00 342.00
148.00 343.00
148.00 343.00
147.00 343.00
147.00 344.00
147.00 344.00
147.00 344.00
146.00 344.00
146.00 345.00
146.00 345.00
145.00 345.00
145.00 346.00
145.00 346.00
144.00 346.00
144.00 346.00
144.00 347.00
144.00 347.00
143.00 347.00
143.00 347.00
143.00 348.00
143.00 348.00
142.00 348.00
142.00 348.00
142.00 348.00
142.00 349.00
141.00 349.00
141.00 349.00
141.00 349.00
141.00 350.00
140.00 350.00
140.00 350.00
140.00 350.00
140.00 350.00
140.00 351.00
139.00 351.00
139.00 351.00
139.00 351.00
139.00 351.00
139.00 351.00
138.00 352.00
138.00 352.00
138.00 352.00
138.00 352.00
138.00 352.00
138.00 352.00
137.00 353.00
137.00 353.00
137.00 353.00
137.00 353.00
137.00 353.00
137.00 353.00
136.00 354.00
136.00 354.00
136.00 354.00
136.00 354.00
136.00 354.00
136.00 354.00
136.00 354.00
136.00 354.00
135.00 355.00
135.00 355.00
135.00 355.00
135.00 355.00
135.00 355.00
135.00 355.00
135.00 355.00
135.00 355.00
135.00 355.00
134.00 355.00
134.00 356.00
134.00 356.00
134.00 356.00
134.00 356.00
134.00 356.00
134.00 356.00
134.00 356.00
134.00 356.00
134.00 356.00
134.00 356.00
134.00 356.00
134.00 356.00
134.00 356.00
134.00 356.00
133.00 356.00
133.00 356.00
133.00 356.00
133.00 357.00
133.00 357.00
133.00 357.00
133.00 357.00
133.00 357.00
133.00 357.00
133.00 357.00
133.00 357.00
133.00 357.00
133.00 357.00
133.00 357.00
133.00 357.00
133.00 357.00
133.00 357.00
133.00 357.00
133.00 357.00
133.00 357.00
133.00 357.00
133.00 357.00
133.00 357.00
133.00 357.00
133.00 357.00
133.00 357.00
133.00 357.00
133.00 356.00
133.00 356.00
133.00 356.00
134.00 356.00
134.00 356.00
134.00 356.00
134.00 356.00
134.00 356.00
134.00 356.00
134.00 356.00
134.00 356.00
134.00 356.00
134.00 356.00
134.00 356.00
134.00 356.00
134.00 356.00
134.00 356.00
135.00 355.00
135.00 355.00
135.00 355.00
135.00 355.00
135.00 355.00
135.00 355.00
135.00 355.00
135.00 355.00
135.00 355.00
135.00 355.00
136.00 354.00
136.00 354.00
136.00 354.00
136.00 354.00
136.00 354.00
136.00 354.00
136.00 354.00
137.00 354.00
137.00 353.00
137.00 353.00
137.00 353.00
137.00 353.00
137.00 353.00
137.00 353.00
138.00 353.00
138.00 352.00
138.00 352.00
138.00 352.00
138.00 352.00
139.00 352.00
139.00 352.00
139.00 351.00
139.00 351.00
139.00 351.00
140.00 351.00
140.00 351.00
140.00 350.00
140.00 350.00
140.00 350.00
141.00 350.00
141.00 350.00
141.00 349.00
141.00 349.00
141.00 349.00
142.00 349.00
142.00 349.00
142.00 348.00
142.00 348.00
143.00 348.00
143.00 348.00
143.00 347.00
143.00 347.00
144.00 347.00
144.00 347.00
144.00 346.00
145.00 346.00
145.00 346.00
145.00 346.00
145.00 345.00
146.00 345.00
146.00 345.00
146.00 345.00
147.00 344.00
147.00 344.00
147.00 344.00
148.00 343.00
148.00 343.00
148.00 343.00
149.00 343.00
149.00 342.00
149.00 342.00
150.00 342.00
150.00 341.00
150.00 341.00
151.00 341.00
151.00 340.00
151.00 340.00
152.00 340.00
152.00 339.00
152.00 339.00
153.00 339.00
153.00 338.00
154.00 338.00
154.00 338.00
154.00 337.00
155.00 337.00
155.00 337.00
156.00 336.00
156.00 336.00
156.00 336.00
157.00 335.00
157.00 335.00
158.00 334.00
158.00 334.00
159.00 334.00
159.00 333.00
159.00 333.00
160.00 333.00
160.00 332.00
161.00 332.00
161.00 331.00
162.00 331.00
162.00 330.00
163.00 330.00
163.00 330.00
164.00 329.00
164.00 329.00
165.00 328.00
165.00 328.00
166.00 327.00
166.00 327.00
167.00 327.00
167.00 326.00
168.00 326.00
168.00 325.00
169.00 325.00
169.00 324.00
170.00 324.00
170.00 323.00
171.00 323.00
172.00 322.00
172.00 322.00
173.00 321.00
173.00 321.00
174.00 321.00
174.00 320.00
175.00 320.00
176.00 319.00
176.00 319.00
177.00 318.00
177.00 318.00
178.00 317.00
178.00 317.00
177.00 317.00
177.00 318.00
177.00 318.00
177.00 318.00
176.00 318.00
176.00 319.00
176.00 319.00
176.00 319.00
176.00 319.00
175.00 319.00
175.00 320.00
175.00 320.00
175.00 320.00
174.00 320.00
174.00 320.00
174.00 321.00
174.00 321.00
174.00 321.00
173.00 321.00
173.00 321.00
173.00 321.00
173.00 322.00
173.00 322.00
172.00 322.00
172.00 322.00
172.00 322.00
172.00 322.00
172.00 323.00
171.00 323.00
171.00 323.00
171.00 323.00
171.00 323.00
171.00 323.00
171.00 324.00
170.00 324.00
170.00 324.00
170.00 324.00
170.00 324.00
170.00 324.00
170.00 324.00
170.00 324.00
169.00 325.00
169.00 325.00
169.00 325.00
169.00 325.00
169.00 325.00
169.00 325.00
169.00 325.00
168.00 325.00
168.00 326.00
168.00 326.00
168.00 326.00
168.00 326.00
168.00 326.00
168.00 326.00
168.00 326.00
168.00 326.00
167.00 326.00
167.00 326.00
167.00 326.00
167.00 327.00
167.00 327.00
167.00 327.00
167.00 327.00
167.00 327.00
167.00 327.00
167.00 327.00
167.00 327.00
167.00 327.00
167.00 327.00
166.00 327.00
166.00 327.00
166.00 327.00
166.00 327.00
166.00 327.00
166.00 328.00
166.00 328.00
166.00 328.00
166.00 328.00
166.00 328.00
166.00 328.00
166.00 328.00
166.00 328.00
166.00 328.00
166.00 328.00
166.00 328.00
166.00 328.00
166.00 328.00
166.00 328.00
166.00 328.00
166.00 328.00
166.00 328.00
166.00 328.00
166.00 328.00
166.00 328.00
166.00 328.00
166.00 328.00
166.00 328.00
166.00 328.00
166.00 328.00
166.00 328.00
166.00 328.00
166.00 328.00
166.00 328.00
166.00 328.00
166.00 328.00
166.00 328.00
166.00 328.00
166.00 328.00
166.00 328.00
166.00 328.00
166.00 328.00
166.00 328.00
166.00 327.00
167.00 327.00
167.00 327.00
167.00 327.00
167.00 327.00
167.00 327.00
167.00 327.00
167.00 327.00
167.00 327.00
167.00 327.00
167.00 327.00
167.00 327.00
167.00 327.00
167.00 327.00
168.00 327.00
168.00 327.00
168.00 326.00
168.00 326.00
168.00 326.00
168.00 326.00
168.00 326.00
168.00 326.00
168.00 326.00
169.00 326.00
169.00 326.00
169.00 326.00
169.00 325.00
169.00 325.00
169.00 325.00
169.00 325.00
170.00 325.00
170.00 325.00
170.00 325.00
170.00 325.00
170.00 325.00
170.00 324.00
170.00 324.00
171.00 324.00
171.00 324.00
171.00 324.00
171.00 324.00
171.00 324.00
171.00 323.00
172.00 323.00
172.00 323.00
172.00 323.00
172.00 323.00
172.00 323.00
173.00 323.00
173.00 322.00
173.00 322.00
173.00 322.00
173.00 322.00
174.00 322.00
174.00 322.00
174.00 321.00
174.00 321.00
174.00 321.00
175.00 321.00
175.00 321.00
175.00 320.00
175.00 320.00
176.00 320.00
176.00 320.00
176.00 320.00
176.00 319.00
176.00 319.00
177.00 319.00
177.00 319.00
177.00 319.00
177.00 318.00
178.00 318.00
178.00 318.00
177.00 319.00
177.00 319.00
176.00 320.00
175.00 320.00
175.00 321.00
174.00 321.00
174.00 322.00
173.00 322.00
172.00 323.00
172.00 323.00
171.00 324.00
171.00 324.00
170.00 325.00
169.00 325.00
169.00 326.00
168.00 326.00
168.00 327.00
167.00 327.00
167.00 328.00
166.00 328.00
166.00 329.00
165.00 329.00
165.00 330.00
164.00 330.00
163.00 330.00
163.00 331.00
162.00 331.00
162.00 332.00
161.00 332.00
161.00 333.00
160.00 333.00
160.00 334.00
159.00 334.00
159.00 334.00
159.00 335.00
158.00 335.00
158.00 336.00
157.00 336.00
157.00 336.00
156.00 337.00
156.00 337.00
155.00 338.00
155.00 338.00
154.00 338.00
154.00 339.00
154.00 339.00
153.00 340.00
153.00 340.00
152.00 340.00
152.00 341.00
152.00 341.00
151.00 341.00
151.00 342.00
150.00 342.00
150.00 342.00
150.00 343.00
149.00 343.00
149.00 343.00
148.00 344.00
148.00 344.00
148.00 344.00
147.00 345.00
147.00 345.00
147.00 345.00
146.00 346.00
146.00 346.00
146.00 346.00
145.00 347.00
145.00 347.00
145.00 347.00
144.00 348.00
144.00 348.00
144.00 348.00
143.00 348.00
143.00 349.00
143.00 349.00
143.00 349.00
142.00 349.00
142.00 350.00
142.00 350.00
141.00 350.00
141.00 350.00
141.00 351.00
141.00 351.00
140.00 351.00
140.00 351.00
140.00 352.00
140.00 352.00
139.00 352.00
139.00 352.00
139.00 353.00
139.00 353.00
138.00 353.00
138.00 353.00
138.00 353.00
138.00 354.00
138.00 354.00
137.00 354.00
137.00 354.00
137.00 354.00
137.00 355.00
136.00 355.00
136.00 355.00
136.00 355.00
136.00 355.00
136.00 356.00
136.00 356.00
135.00 356.00
135.00 356.00
135.00 356.00
135.00 356.00
135.00 357.00
134.00 357.00
134.00 357.00
134.00 357.00
134.00 357.00
134.00 357.00
134.00 357.00
134.00 358.00
133.00 358.00
133.00 358.00
133.00 358.00
133.00 358.00
133.00 358.00
133.00 358.00
133.00 358.00
133.00 359.00
132.00 359.00
132.00 359.00
132.00 359.00
132.00 359.00
132.00 359.00
132.00 359.00
132.00 359.00
132.00 359.00
132.00 359.00
132.00 360.00
131.00 360.00
131.00 360.00
131.00 360.00
131.00 360.00
131.00 360.00
131.00 360.00
131.00 360.00
131.00 360.00
131.00 360.00
131.00 360.00
131.00 360.00
131.00 360.00
131.00 360.00
131.00 360.00
131.00 360.00
131.00 360.00
131.00 360.00
131.00 360.00
131.00 360.00
130.00 360.00
130.00 361.00
130.00 361.00
130.00 361.00
130.00 361.00
130.00 361.00
130.00 361.00
130.00 361.00
130.00 361.00
130.00 361.00
130.00 361.00
130.00 361.00
130.00 361.00
130.00 360.00
130.00 360.00
130.00 360.00
131.00 360.00
131.00 360.00
131.00 360.00
131.00 360.00
131.00 360.00
131.00 360.00
131.00 360.00
131.00 360.00
131.00 360.00
131.00 360.00
131.00 360.00
131.00 360.00
131.00 360.00
131.00 360.00
131.00 360.00
131.00 360.00
131.00 360.00
131.00 360.00
131.00 359.00
132.00 359.00
132.00 359.00
132.00 359.00
132.00 359.00
132.00 359.00
132.00 359.00
132.00 359.00
132.00 359.00
132.00 359.00
132.00 358.00
133.00 358.00
133.00 358.00
133.00 358.00
133.00 358.00
133.00 358.00
133.00 358.00
133.00 358.00
133.00 358.00
134.00 357.00
134.00 357.00
134.00 357.00
134.00 357.00
134.00 357.00
134.00 357.00
135.00 356.00
135.00 356.00
135.00 356.00
135.00 356.00
135.00 356.00
135.00 356.00
136.00 355.00
136.00 355.00
136.00 355.00
136.00 355.00
136.00 355.00
137.00 355.00
137.00 354.00
137.00 354.00
137.00 354.00
137.00 354.00
138.00 354.00
138.00 353.00
138.00 353.00
138.00 353.00
139.00 353.00
139.00 352.00
139.00 352.00
139.00 352.00
139.00 352.00
140.00 352.00
140.00 351.00
140.00 351.00
141.00 351.00
141.00 351.00
141.00 350.00
141.00 350.00
142.00 350.00
142.00 350.00
142.00 349.00
142.00 349.00
143.00 349.00
143.00 348.00
143.00 348.00
144.00 348.00
144.00 348.00
144.00 347.00
145.00 347.00
145.00 347.00
145.00 346.00
146.00 346.00
146.00 346.00
146.00 346.00
147.00 345.00
147.00 345.00
147.00 345.00
148.00 344.00
148.00 344.00
148.00 344.00
149.00 343.00
149.00 343.00
149.00 343.00
150.00 342.00
150.00 342.00
151.00 342.00
151.00 341.00
151.00 341.00
152.00 340.00
152.00 340.00
153.00 340.00
153.00 339.00
153.00 339.00
154.00 339.00
154.00 338.00
155.00 338.00
155.00 337.00
156.00 337.00
156.00 337.00
156.00 336.00
157.00 336.00
157.00 335.00
158.00 335.00
158.00 335.00
159.00 334.00
159.00 334.00
160.00 333.00
160.00 333.00
161.00 332.00
161.00 332.00
162.00 332.00
162.00 331.00
163.00 331.00
163.00 330.00
164.00 330.00
164.00 329.00
165.00 329.00
165.00 328.00
166.00 328.00
166.00 327.00
167.00 327.00
167.00 326.00
168.00 326.00
169.00 325.00
169.00 325.00
170.00 324.00
170.00 324.00
171.00 323.00
171.00 323.00
172.00 322.00
173.00 322.00
173.00 321.00
174.00 321.00
175.00 320.00
175.00 320.00
176.00 319.00
176.00 319.00
177.00 318.00
178.00 318.00
178.00 317.00
179.00 317.00
180.00 316.00
180.00 315.00
181.00 315.00
182.00 314.00
182.00 314.00
183.00 313.00
184.00 313.00
184.00 312.00
185.00 311.00
186.00 311.00
186.00 310.00
187.00 310.00
188.00 309.00
189.00 308.00
189.00 308.00
190.00 307.00
191.00 307.00
192.00 306.00
192.00 305.00
193.00 305.00
194.00 304.00
195.00 303.00
195.00 303.00
196.00 302.00
197.00 302.00
198.00 301.00
198.00 300.00
199.00 300.00
200.00 299.00
200.00 299.00
200.00 299.00
200.00 299.00
200.00 299.00
199.00 299.00
199.00 300.00
199.00 300.00
199.00 300.00
199.00 300.00
199.00 300.00
199.00 300.00
199.00 300.00
199.00 300.00
199.00 300.00
198.00 300.00
198.00 300.00
198.00 300.00
198.00 301.00
198.00 301.00
198.00 301.00
198.00 301.00
198.00 301.00
198.00 301.00
198.00 301.00
198.00 301.00
198.00 301.00
198.00 301.00
198.00 301.00
197.00 301.00
197.00 301.00
197.00 301.00
197.00 301.00
197.00 301.00
197.00 302.00
197.00 302.00
197.00 302.00
197.00 302.00
197.00 302.00
197.00 302.00
197.00 302.00
197.00 302.00
197.00 302.00
197.00 302.00
197.00 302.00
197.00 302.00
197.00 302.00
197.00 302.00
197.00 302.00
197.00 302.00
197.00 302.00
197.00 302.00
197.00 302.00
197.00 302.00
197.00 302.00
197.00 302.00
197.00 302.00
197.00 302.00
197.00 302.00
197.00 302.00
197.00 302.00
197.00 302.00
197.00 302.00
