151.00 340.00
151.00 340.00
151.00 340.00
151.00 340.00
151.00 340.00
151.00 340.00
151.00 340.00
151.00 340.00
151.00 340.00
151.00 340.00
151.00 340.00
151.00 340.00
151.00 340.00
151.00 340.00
151.00 340.00
151.00 340.00
151.00 340.00
151.00 340.00
151.00 340.00
151.00 340.00
151.00 339.00
152.00 339.00
152.00 339.00
152.00 339.00
152.00 339.00
152.00 339.00
152.00 339.00
152.00 339.00
149.00 342.00
146.00 344.00
144.00 347.00
141.00 349.00
139.00 351.00
136.00 354.00
134.00 356.00
131.00 358.00
129.00 360.00
127.00 362.00
125.00 365.00
123.00 367.00
121.00 369.00
119.00 371.00
117.00 372.00
115.00 374.00
113.00 376.00
111.00 378.00
110.00 380.00
108.00 381.00
106.00 383.00
105.00 385.00
103.00 386.00
102.00 388.00
100.00 389.00
99.00 391.00
98.00 392.00
96.00 394.00
95.00 395.00
94.00 397.00
92.00 398.00
91.00 399.00
90.00 401.00
89.00 402.00
88.00 403.00
87.00 404.00
86.00 405.00
84.00 407.00
83.00 408.00
82.00 409.00
82.00 410.00
81.00 411.00
80.00 412.00
79.00 413.00
78.00 414.00
77.00 415.00
76.00 416.00
75.00 417.00
75.00 418.00
74.00 419.00
73.00 420.00
72.00 421.00
72.00 421.00
71.00 422.00
70.00 423.00
69.00 424.00
69.00 425.00
68.00 425.00
67.00 426.00
67.00 427.00
66.00 428.00
66.00 428.00
65.00 429.00
65.00 429.00
65.00 428.00
66.00 428.00
66.00 428.00
66.00 428.00
66.00 427.00
67.00 427.00
67.00 427.00
67.00 426.00
67.00 426.00
68.00 426.00
68.00 426.00
68.00 425.00
69.00 425.00
69.00 425.00
69.00 424.00
69.00 424.00
70.00 424.00
70.00 423.00
70.00 423.00
71.00 422.00
71.00 422.00
71.00 422.00
72.00 421.00
72.00 421.00
72.00 421.00
73.00 420.00
73.00 420.00
73.00 419.00
74.00 419.00
74.00 419.00
74.00 418.00
75.00 418.00
75.00 417.00
76.00 417.00
76.00 416.00
76.00 416.00
77.00 415.00
77.00 415.00
78.00 415.00
78.00 414.00
78.00 414.00
79.00 413.00
79.00 413.00
80.00 412.00
80.00 412.00
81.00 411.00
81.00 410.00
82.00 410.00
82.00 409.00
83.00 409.00
83.00 408.00
84.00 408.00
84.00 407.00
85.00 406.00
85.00 406.00
86.00 405.00
87.00 405.00
87.00 404.00
88.00 403.00
88.00 403.00
89.00 402.00
90.00 401.00
90.00 401.00
91.00 400.00
91.00 399.00
92.00 399.00
93.00 398.00
93.00 397.00
94.00 396.00
95.00 396.00
96.00 395.00
96.00 394.00
97.00 393.00
98.00 393.00
99.00 392.00
99.00 391.00
100.00 390.00
101.00 389.00
102.00 388.00
103.00 388.00
103.00 387.00
104.00 386.00
105.00 385.00
106.00 384.00
107.00 383.00
107.00 383.00
107.00 384.00
106.00 384.00
106.00 384.00
106.00 384.00
106.00 384.00
105.00 385.00
105.00 385.00
105.00 385.00
105.00 385.00
104.00 386.00
104.00 386.00
104.00 386.00
104.00 386.00
104.00 386.00
103.00 387.00
103.00 387.00
103.00 387.00
103.00 387.00
103.00 387.00
103.00 388.00
102.00 388.00
102.00 388.00
102.00 388.00
102.00 388.00
102.00 388.00
102.00 389.00
101.00 389.00
101.00 389.00
101.00 389.00
101.00 389.00
101.00 389.00
101.00 390.00
101.00 390.00
100.00 390.00
100.00 390.00
100.00 390.00
100.00 390.00
100.00 390.00
100.00 390.00
100.00 391.00
100.00 391.00
100.00 391.00
99.00 391.00
99.00 391.00
99.00 391.00
99.00 391.00
99.00 391.00
99.00 391.00
99.00 391.00
99.00 392.00
99.00 392.00
99.00 392.00
99.00 392.00
99.00 392.00
98.00 392.00
98.00 392.00
98.00 392.00
98.00 392.00
98.00 392.00
98.00 392.00
98.00 392.00
98.00 392.00
98.00 392.00
98.00 392.00
98.00 392.00
98.00 392.00
98.00 392.00
98.00 393.00
98.00 393.00
98.00 393.00
98.00 393.00
98.00 393.00
98.00 393.00
98.00 393.00
98.00 393.00
98.00 393.00
98.00 393.00
98.00 393.00
98.00 393.00
98.00 393.00
98.00 393.00
98.00 393.00
98.00 393.00
98.00 393.00
98.00 393.00
98.00 393.00
98.00 392.00
98.00 392.00
98.00 392.00
98.00 392.00
98.00 392.00
98.00 392.00
98.00 392.00
98.00 392.00
98.00 392.00
98.00 392.00
98.00 392.00
98.00 392.00
99.00 392.00
99.00 392.00
99.00 392.00
99.00 392.00
99.00 392.00
99.00 392.00
99.00 391.00
99.00 391.00
99.00 391.00
99.00 391.00
99.00 391.00
99.00 391.00
100.00 391.00
100.00 391.00
100.00 391.00
100.00 391.00
100.00 390.00
100.00 390.00
100.00 390.00
100.00 390.00
100.00 390.00
101.00 390.00
101.00 390.00
101.00 389.00
101.00 389.00
101.00 389.00
101.00 389.00
101.00 389.00
102.00 389.00
102.00 389.00
102.00 388.00
102.00 388.00
102.00 388.00
102.00 388.00
102.00 388.00
103.00 388.00
103.00 387.00
103.00 387.00
103.00 387.00
103.00 387.00
104.00 387.00
104.00 386.00
104.00 386.00
104.00 386.00
104.00 386.00
105.00 386.00
105.00 385.00
105.00 385.00
105.00 385.00
105.00 385.00
106.00 384.00
106.00 384.00
106.00 384.00
106.00 384.00
107.00 383.00
107.00 383.00
107.00 383.00
107.00 383.00
108.00 382.00
108.00 382.00
108.00 382.00
108.00 382.00
109.00 381.00
109.00 381.00
109.00 381.00
110.00 380.00
110.00 380.00
110.00 380.00
110.00 379.00
111.00 379.00
111.00 379.00
111.00 379.00
112.00 378.00
112.00 378.00
112.00 378.00
113.00 377.00
113.00 377.00
113.00 377.00
114.00 376.00
114.00 376.00
114.00 375.00
115.00 375.00
115.00 375.00
115.00 374.00
116.00 374.00
116.00 374.00
117.00 373.00
117.00 373.00
117.00 372.00
118.00 372.00
118.00 372.00
119.00 371.00
119.00 371.00
119.00 370.00
120.00 370.00
120.00 370.00
121.00 369.00
121.00 369.00
122.00 368.00
122.00 368.00
123.00 367.00
123.00 367.00
124.00 366.00
124.00 366.00
125.00 365.00
125.00 365.00
125.00 364.00
126.00 364.00
126.00 364.00
125.00 365.00
125.00 365.00
124.00 366.00
124.00 366.00
123.00 367.00
123.00 367.00
122.00 368.00
122.00 368.00
121.00 369.00
121.00 369.00
120.00 369.00
120.00 370.00
120.00 370.00
119.00 371.00
119.00 371.00
118.00 371.00
118.00 372.00
118.00 372.00
117.00 373.00
117.00 373.00
116.00 373.00
116.00 374.00
116.00 374.00
115.00 374.00
115.00 375.00
115.00 375.00
114.00 375.00
114.00 376.00
114.00 376.00
113.00 376.00
113.00 377.00
113.00 377.00
112.00 377.00
112.00 378.00
112.00 378.00
111.00 378.00
111.00 379.00
111.00 379.00
111.00 379.00
110.00 380.00
110.00 380.00
110.00 380.00
109.00 380.00
109.00 381.00
109.00 381.00
109.00 381.00
108.00 381.00
108.00 382.00
108.00 382.00
108.00 382.00
107.00 382.00
107.00 383.00
107.00 383.00
107.00 383.00
106.00 383.00
106.00 384.00
106.00 384.00
106.00 384.00
106.00 384.00
105.00 385.00
105.00 385.00
105.00 385.00
105.00 385.00
105.00 385.00
104.00 386.00
104.00 386.00
104.00 386.00
104.00 386.00
104.00 386.00
103.00 386.00
103.00 387.00
103.00 387.00
103.00 387.00
103.00 387.00
103.00 387.00
102.00 387.00
102.00 388.00
102.00 388.00
102.00 388.00
102.00 388.00
102.00 388.00
102.00 388.00
101.00 389.00
101.00 389.00
101.00 389.00
101.00 389.00
101.00 389.00
101.00 389.00
101.00 389.00
101.00 389.00
101.00 389.00
100.00 390.00
100.00 390.00
100.00 390.00
100.00 390.00
100.00 390.00
100.00 390.00
100.00 390.00
100.00 390.00
100.00 390.00
100.00 390.00
100.00 390.00
100.00 391.00
99.00 391.00
99.00 391.00
99.00 391.00
99.00 391.00
99.00 391.00
99.00 391.00
99.00 391.00
99.00 391.00
99.00 391.00
99.00 391.00
99.00 391.00
99.00 391.00
99.00 391.00
99.00 391.00
99.00 391.00
99.00 391.00
99.00 391.00
99.00 391.00
99.00 391.00
99.00 391.00
99.00 391.00
99.00 391.00
99.00 391.00
99.00 391.00
99.00 391.00
99.00 391.00
99.00 391.00
99.00 391.00
99.00 391.00
99.00 391.00
99.00 391.00
99.00 391.00
99.00 391.00
99.00 391.00
99.00 391.00
99.00 391.00
99.00 391.00
99.00 391.00
99.00 391.00
99.00 391.00
99.00 391.00
99.00 391.00
99.00 391.00
99.00 391.00
99.00 391.00
100.00 390.00
100.00 390.00
100.00 390.00
100.00 390.00
100.00 390.00
100.00 390.00
100.00 390.00
100.00 390.00
100.00 390.00
100.00 390.00
100.00 390.00
100.00 389.00
101.00 389.00
101.00 389.00
101.00 389.00
101.00 389.00
101.00 389.00
101.00 389.00
101.00 389.00
101.00 389.00
101.00 388.00
102.00 388.00
102.00 388.00
102.00 388.00
102.00 388.00
102.00 388.00
102.00 387.00
102.00 387.00
103.00 387.00
103.00 387.00
103.00 387.00
103.00 387.00
103.00 386.00
103.00 386.00
104.00 386.00
104.00 386.00
104.00 386.00
104.00 386.00
104.00 385.00
104.00 385.00
105.00 385.00
105.00 385.00
105.00 385.00
105.00 384.00
105.00 384.00
106.00 384.00
106.00 384.00
106.00 383.00
106.00 383.00
107.00 383.00
107.00 383.00
107.00 382.00
107.00 382.00
107.00 382.00
108.00 382.00
108.00 381.00
108.00 381.00
108.00 381.00
109.00 381.00
109.00 380.00
109.00 380.00
110.00 380.00
110.00 380.00
110.00 379.00
110.00 379.00
111.00 379.00
111.00 378.00
111.00 378.00
112.00 378.00
112.00 377.00
112.00 377.00
113.00 377.00
113.00 376.00
113.00 376.00
114.00 376.00
114.00 375.00
114.00 375.00
115.00 375.00
115.00 374.00
115.00 374.00
116.00 374.00
116.00 373.00
116.00 373.00
117.00 373.00
117.00 372.00
117.00 372.00
118.00 371.00
118.00 371.00
119.00 371.00
119.00 370.00
119.00 370.00
120.00 369.00
120.00 369.00
121.00 369.00
121.00 368.00
122.00 368.00
122.00 367.00
122.00 367.00
123.00 366.00
123.00 366.00
124.00 365.00
124.00 365.00
125.00 364.00
125.00 364.00
126.00 364.00
126.00 363.00
127.00 363.00
127.00 362.00
128.00 362.00
128.00 361.00
129.00 361.00
129.00 360.00
130.00 360.00
130.00 359.00
131.00 358.00
132.00 358.00
132.00 357.00
133.00 357.00
133.00 356.00
134.00 356.00
134.00 355.00
135.00 355.00
136.00 354.00
136.00 353.00
137.00 353.00
138.00 352.00
138.00 352.00
139.00 351.00
139.00 350.00
140.00 350.00
141.00 349.00
141.00 349.00
142.00 348.00
143.00 347.00
144.00 347.00
144.00 346.00
145.00 345.00
146.00 345.00
146.00 344.00
147.00 343.00
148.00 343.00
149.00 342.00
149.00 341.00
150.00 340.00
151.00 340.00
152.00 339.00
153.00 338.00
153.00 338.00
154.00 337.00
155.00 336.00
156.00 335.00
157.00 335.00
158.00 334.00
158.00 333.00
159.00 332.00
160.00 332.00
161.00 331.00
162.00 330.00
163.00 329.00
164.00 328.00
165.00 328.00
166.00 327.00
167.00 326.00
168.00 325.00
169.00 324.00
169.00 323.00
170.00 323.00
171.00 322.00
172.00 321.00
173.00 320.00
174.00 319.00
176.00 318.00
177.00 317.00
178.00 317.00
179.00 316.00
180.00 315.00
181.00 314.00
182.00 313.00
183.00 312.00
183.00 312.00
183.00 312.00
183.00 312.00
182.00 312.00
182.00 313.00
182.00 313.00
182.00 313.00
182.00 313.00
182.00 313.00
182.00 313.00
182.00 313.00
182.00 313.00
181.00 313.00
181.00 313.00
181.00 314.00
181.00 314.00
181.00 314.00
181.00 314.00
181.00 314.00
181.00 314.00
181.00 314.00
181.00 314.00
181.00 314.00
180.00 314.00
180.00 314.00
180.00 314.00
180.00 314.00
180.00 314.00
180.00 314.00
180.00 315.00
180.00 315.00
180.00 315.00
180.00 315.00
180.00 315.00
180.00 315.00
180.00 315.00
180.00 315.00
180.00 315.00
180.00 315.00
180.00 315.00
180.00 315.00
179.00 315.00
179.00 315.00
179.00 315.00
179.00 315.00
179.00 315.00
179.00 315.00
179.00 315.00
179.00 315.00
179.00 315.00
179.00 315.00
179.00 315.00
179.00 315.00
179.00 315.00
179.00 315.00
179.00 315.00
179.00 315.00
179.00 315.00
179.00 315.00
179.00 315.00
179.00 315.00
179.00 315.00
179.00 315.00
179.00 315.00
179.00 315.00
179.00 315.00
179.00 315.00
180.00 315.00
180.00 315.00
180.00 315.00
180.00 315.00
180.00 315.00
180.00 315.00
180.00 315.00
180.00 315.00
180.00 315.00
180.00 315.00
180.00 315.00
180.00 315.00
180.00 315.00
180.00 315.00
180.00 315.00
180.00 315.00
180.00 315.00
180.00 314.00
180.00 314.00
181.00 314.00
181.00 314.00
181.00 314.00
181.00 314.00
181.00 314.00
181.00 314.00
181.00 314.00
181.00 314.00
181.00 314.00
181.00 314.00
181.00 314.00
182.00 314.00
182.00 313.00
182.00 313.00
182.00 313.00
182.00 313.00
182.00 313.00
182.00 313.00
182.00 313.00
183.00 313.00
183.00 313.00
183.00 313.00
183.00 312.00
183.00 312.00
183.00 312.00
183.00 312.00
183.00 312.00
184.00 312.00
184.00 312.00
184.00 312.00
184.00 312.00
184.00 311.00
184.00 311.00
185.00 311.00
185.00 311.00
185.00 311.00
185.00 311.00
185.00 311.00
185.00 310.00
186.00 310.00
186.00 310.00
186.00 310.00
186.00 310.00
186.00 310.00
186.00 310.00
187.00 309.00
187.00 309.00
187.00 309.00
187.00 309.00
187.00 309.00
188.00 309.00
188.00 309.00
188.00 308.00
188.00 308.00
188.00 308.00
189.00 308.00
189.00 308.00
189.00 307.00
189.00 307.00
190.00 307.00
190.00 307.00
190.00 307.00
190.00 307.00
191.00 306.00
191.00 306.00
191.00 306.00
190.00 306.00
190.00 307.00
189.00 307.00
189.00 308.00
188.00 308.00
188.00 309.00
187.00 309.00
187.00 309.00
186.00 310.00
186.00 310.00
185.00 311.00
185.00 311.00
184.00 311.00
184.00 312.00
183.00 312.00
183.00 313.00
183.00 313.00
182.00 313.00
182.00 314.00
181.00 314.00
181.00 314.00
180.00 315.00
180.00 315.00
179.00 316.00
179.00 316.00
178.00 316.00
178.00 317.00
178.00 317.00
177.00 317.00
177.00 318.00
176.00 318.00
176.00 318.00
176.00 319.00
175.00 319.00
175.00 319.00
174.00 320.00
174.00 320.00
174.00 320.00
173.00 321.00
173.00 321.00
172.00 321.00
172.00 322.00
172.00 322.00
171.00 322.00
171.00 323.00
171.00 323.00
170.00 323.00
170.00 324.00
169.00 324.00
169.00 324.00
169.00 324.00
168.00 325.00
168.00 325.00
168.00 325.00
167.00 326.00
167.00 326.00
167.00 326.00
166.00 326.00
166.00 327.00
166.00 327.00
166.00 327.00
165.00 328.00
165.00 328.00
165.00 328.00
164.00 328.00
164.00 329.00
164.00 329.00
163.00 329.00
163.00 329.00
163.00 330.00
163.00 330.00
162.00 330.00
162.00 330.00
162.00 330.00
162.00 331.00
161.00 331.00
161.00 331.00
161.00 331.00
161.00 332.00
160.00 332.00
160.00 332.00
160.00 332.00
160.00 332.00
159.00 333.00
159.00 333.00
159.00 333.00
159.00 333.00
158.00 333.00
158.00 334.00
158.00 334.00
158.00 334.00
158.00 334.00
157.00 334.00
157.00 334.00
157.00 335.00
157.00 335.00
157.00 335.00
156.00 335.00
156.00 335.00
156.00 335.00
156.00 336.00
156.00 336.00
156.00 336.00
155.00 336.00
155.00 336.00
155.00 336.00
155.00 337.00
155.00 337.00
155.00 337.00
154.00 337.00
154.00 337.00
154.00 337.00
154.00 337.00
154.00 337.00
154.00 338.00
154.00 338.00
153.00 338.00
153.00 338.00
153.00 338.00
153.00 338.00
153.00 338.00
153.00 338.00
153.00 338.00
153.00 338.00
153.00 339.00
152.00 339.00
152.00 339.00
152.00 339.00
152.00 339.00
152.00 339.00
152.00 339.00
152.00 339.00
152.00 339.00
152.00 339.00
152.00 339.00
152.00 339.00
152.00 339.00
151.00 340.00
151.00 340.00
151.00 340.00
151.00 340.00
151.00 340.00
151.00 340.00
151.00 340.00
151.00 340.00
151.00 340.00
151.00 340.00
151.00 340.00
151.00 340.00
151.00 340.00
151.00 340.00
151.00 340.00
151.00 340.00
151.00 340.00
151.00 340.00
151.00 340.00
151.00 340.00
151.00 340.00
151.00 340.00
151.00 340.00
