145.00 349.00
145.00 349.00
145.00 349.00
145.00 349.00
145.00 349.00
145.00 349.00
145.00 349.00
145.00 349.00
145.00 349.00
145.00 349.00
145.00 349.00
145.00 349.00
145.00 349.00
145.00 349.00
145.00 348.00
145.00 348.00
145.00 348.00
145.00 348.00
145.00 348.00
145.00 348.00
145.00 348.00
145.00 348.00
145.00 348.00
145.00 348.00
146.00 348.00
146.00 348.00
146.00 348.00
146.00 348.00
146.00 348.00
146.00 347.00
146.00 347.00
146.00 347.00
146.00 347.00
146.00 347.00
146.00 347.00
147.00 347.00
147.00 347.00
147.00 347.00
147.00 347.00
147.00 346.00
147.00 346.00
147.00 346.00
147.00 346.00
147.00 346.00
148.00 346.00
148.00 346.00
148.00 346.00
148.00 345.00
148.00 345.00
148.00 345.00
148.00 345.00
149.00 345.00
149.00 345.00
149.00 345.00
149.00 344.00
149.00 344.00
149.00 344.00
150.00 344.00
150.00 344.00
150.00 344.00
150.00 343.00
150.00 343.00
151.00 343.00
151.00 343.00
151.00 343.00
151.00 343.00
151.00 342.00
152.00 342.00
152.00 342.00
152.00 342.00
152.00 342.00
152.00 341.00
153.00 341.00
153.00 341.00
153.00 341.00
153.00 341.00
154.00 340.00
154.00 340.00
154.00 340.00
154.00 340.00
155.00 339.00
155.00 339.00
155.00 339.00
155.00 339.00
156.00 338.00
156.00 338.00
156.00 338.00
157.00 338.00
157.00 337.00
157.00 337.00
157.00 337.00
158.00 337.00
158.00 336.00
158.00 336.00
159.00 336.00
159.00 336.00
159.00 335.00
159.00 335.00
160.00 335.00
160.00 334.00
160.00 334.00
161.00 334.00
161.00 333.00
161.00 333.00
162.00 333.00
162.00 333.00
162.00 332.00
163.00 332.00
163.00 332.00
164.00 331.00
164.00 331.00
164.00 331.00
165.00 330.00
165.00 330.00
164.00 330.00
164.00 331.00
163.00 331.00
163.00 332.00
162.00 332.00
162.00 333.00
161.00 333.00
161.00 334.00
160.00 334.00
160.00 335.00
159.00 335.00
159.00 336.00
158.00 336.00
158.00 336.00
157.00 337.00
157.00 337.00
156.00 338.00
156.00 338.00
155.00 339.00
155.00 339.00
155.00 339.00
154.00 340.00
154.00 340.00
153.00 341.00
153.00 341.00
152.00 341.00
152.00 342.00
152.00 342.00
151.00 343.00
151.00 343.00
150.00 343.00
150.00 344.00
150.00 344.00
149.00 344.00
149.00 345.00
148.00 345.00
148.00 345.00
148.00 346.00
147.00 346.00
147.00 346.00
147.00 347.00
146.00 347.00
146.00 347.00
145.00 348.00
145.00 348.00
145.00 348.00
144.00 349.00
144.00 349.00
144.00 349.00
143.00 350.00
143.00 350.00
143.00 350.00
142.00 351.00
142.00 351.00
142.00 351.00
142.00 351.00
141.00 352.00
141.00 352.00
141.00 352.00
140.00 352.00
140.00 353.00
140.00 353.00
140.00 353.00
139.00 354.00
139.00 354.00
139.00 354.00
139.00 354.00
138.00 355.00
138.00 355.00
138.00 355.00
138.00 355.00
137.00 355.00
137.00 356.00
137.00 356.00
137.00 356.00
136.00 356.00
136.00 357.00
136.00 357.00
136.00 357.00
136.00 357.00
135.00 357.00
135.00 358.00
135.00 358.00
135.00 358.00
135.00 358.00
134.00 358.00
134.00 358.00
134.00 359.00
134.00 359.00
134.00 359.00
133.00 359.00
133.00 359.00
133.00 359.00
133.00 360.00
133.00 360.00
133.00 360.00
133.00 360.00
132.00 360.00
132.00 360.00
132.00 360.00
132.00 361.00
132.00 361.00
132.00 361.00
132.00 361.00
131.00 361.00
131.00 361.00
131.00 361.00
131.00 361.00
131.00 362.00
131.00 362.00
131.00 362.00
131.00 362.00
131.00 362.00
130.00 362.00
130.00 362.00
130.00 362.00
130.00 362.00
130.00 362.00
130.00 363.00
130.00 363.00
130.00 363.00
130.00 363.00
130.00 363.00
130.00 363.00
130.00 363.00
130.00 363.00
129.00 363.00
129.00 363.00
129.00 363.00
129.00 363.00
129.00 363.00
129.00 363.00
129.00 363.00
129.00 363.00
129.00 363.00
129.00 363.00
129.00 363.00
129.00 363.00
129.00 363.00
129.00 363.00
129.00 363.00
129.00 363.00
129.00 363.00
129.00 364.00
129.00 364.00
129.00 364.00
129.00 363.00
129.00 363.00
129.00 363.00
129.00 363.00
129.00 363.00
129.00 363.00
129.00 363.00
129.00 363.00
129.00 363.00
129.00 363.00
129.00 363.00
129.00 363.00
129.00 363.00
129.00 363.00
129.00 363.00
129.00 363.00
130.00 363.00
130.00 363.00
130.00 363.00
130.00 363.00
130.00 363.00
130.00 363.00
130.00 363.00
130.00 363.00
130.00 362.00
130.00 362.00
130.00 362.00
130.00 362.00
130.00 362.00
131.00 362.00
131.00 362.00
131.00 362.00
131.00 362.00
131.00 362.00
131.00 362.00
131.00 361.00
131.00 361.00
131.00 361.00
132.00 361.00
132.00 361.00
132.00 361.00
132.00 361.00
132.00 361.00
132.00 360.00
132.00 360.00
132.00 360.00
133.00 360.00
133.00 360.00
133.00 360.00
133.00 360.00
133.00 359.00
133.00 359.00
134.00 359.00
134.00 359.00
134.00 359.00
134.00 359.00
134.00 358.00
135.00 358.00
135.00 358.00
135.00 358.00
135.00 358.00
135.00 357.00
136.00 357.00
136.00 357.00
136.00 357.00
136.00 357.00
136.00 356.00
137.00 356.00
137.00 356.00
137.00 356.00
137.00 356.00
138.00 355.00
138.00 355.00
138.00 355.00
138.00 355.00
139.00 354.00
139.00 354.00
139.00 354.00
139.00 354.00
140.00 353.00
140.00 353.00
140.00 353.00
140.00 353.00
141.00 352.00
141.00 352.00
141.00 352.00
142.00 352.00
142.00 351.00
142.00 351.00
142.00 351.00
143.00 350.00
143.00 350.00
143.00 350.00
144.00 350.00
144.00 349.00
144.00 349.00
145.00 349.00
145.00 348.00
145.00 348.00
146.00 348.00
146.00 347.00
146.00 347.00
147.00 347.00
147.00 346.00
148.00 346.00
148.00 346.00
148.00 345.00
149.00 345.00
149.00 345.00
149.00 344.00
150.00 344.00
150.00 344.00
151.00 343.00
151.00 343.00
152.00 342.00
152.00 342.00
152.00 342.00
153.00 341.00
153.00 341.00
154.00 341.00
154.00 340.00
155.00 340.00
155.00 339.00
155.00 339.00
156.00 338.00
156.00 338.00
157.00 338.00
157.00 337.00
158.00 337.00
158.00 336.00
159.00 336.00
159.00 335.00
160.00 335.00
160.00 335.00
161.00 334.00
161.00 334.00
162.00 333.00
162.00 333.00
163.00 332.00
163.00 332.00
164.00 331.00
164.00 331.00
165.00 330.00
166.00 330.00
166.00 329.00
167.00 329.00
167.00 328.00
168.00 328.00
168.00 327.00
169.00 327.00
170.00 326.00
170.00 326.00
171.00 325.00
171.00 325.00
172.00 324.00
173.00 324.00
173.00 323.00
174.00 323.00
174.00 322.00
175.00 322.00
176.00 321.00
176.00 320.00
177.00 320.00
178.00 319.00
178.00 319.00
179.00 318.00
180.00 318.00
180.00 317.00
181.00 316.00
182.00 316.00
182.00 315.00
183.00 315.00
184.00 314.00
184.00 313.00
185.00 313.00
186.00 312.00
187.00 312.00
187.00 311.00
188.00 310.00
189.00 310.00
190.00 309.00
190.00 309.00
191.00 308.00
192.00 307.00
193.00 307.00
193.00 306.00
194.00 305.00
195.00 305.00
196.00 304.00
197.00 303.00
197.00 303.00
198.00 302.00
199.00 301.00
200.00 301.00
201.00 300.00
201.00 299.00
202.00 299.00
203.00 298.00
203.00 298.00
203.00 298.00
203.00 298.00
203.00 298.00
202.00 298.00
138.00 356.00
138.00 356.00
138.00 356.00
138.00 356.00
137.00 357.00
137.00 357.00
137.00 357.00
137.00 357.00
137.00 357.00
137.00 357.00
137.00 357.00
136.00 357.00
136.00 358.00
136.00 358.00
136.00 358.00
136.00 358.00
136.00 358.00
136.00 358.00
136.00 358.00
136.00 358.00
135.00 358.00
135.00 358.00
135.00 359.00
135.00 359.00
135.00 359.00
135.00 359.00
135.00 359.00
135.00 359.00
135.00 359.00
135.00 359.00
135.00 359.00
135.00 359.00
135.00 359.00
134.00 359.00
134.00 359.00
134.00 359.00
134.00 359.00
134.00 359.00
134.00 359.00
134.00 359.00
134.00 360.00
134.00 360.00
134.00 360.00
134.00 360.00
134.00 360.00
134.00 360.00
134.00 360.00
134.00 360.00
134.00 360.00
134.00 360.00
134.00 360.00
134.00 360.00
134.00 360.00
134.00 360.00
134.00 360.00
134.00 360.00
134.00 360.00
134.00 360.00
134.00 360.00
134.00 360.00
134.00 360.00
134.00 359.00
134.00 359.00
134.00 359.00
134.00 359.00
134.00 359.00
134.00 359.00
134.00 359.00
134.00 359.00
134.00 359.00
134.00 359.00
135.00 359.00
135.00 359.00
135.00 359.00
135.00 359.00
135.00 359.00
135.00 359.00
135.00 359.00
135.00 358.00
135.00 358.00
135.00 358.00
135.00 358.00
135.00 358.00
136.00 358.00
136.00 358.00
136.00 358.00
136.00 358.00
136.00 358.00
136.00 357.00
136.00 357.00
136.00 357.00
136.00 357.00
137.00 357.00
137.00 357.00
137.00 357.00
137.00 357.00
137.00 356.00
137.00 356.00
137.00 356.00
138.00 356.00
138.00 356.00
138.00 356.00
138.00 356.00
138.00 355.00
138.00 355.00
138.00 355.00
139.00 355.00
139.00 355.00
139.00 355.00
139.00 354.00
139.00 354.00
140.00 354.00
140.00 354.00
140.00 354.00
140.00 353.00
140.00 353.00
141.00 353.00
141.00 353.00
141.00 353.00
141.00 352.00
141.00 352.00
142.00 352.00
142.00 352.00
142.00 352.00
142.00 351.00
143.00 351.00
143.00 351.00
143.00 351.00
143.00 350.00
144.00 350.00
144.00 350.00
144.00 350.00
144.00 349.00
145.00 349.00
145.00 349.00
145.00 349.00
145.00 348.00
146.00 348.00
146.00 348.00
146.00 348.00
147.00 347.00
147.00 347.00
147.00 347.00
147.00 346.00
148.00 346.00
148.00 346.00
148.00 346.00
149.00 345.00
149.00 345.00
149.00 345.00
150.00 344.00
150.00 344.00
150.00 344.00
151.00 343.00
151.00 343.00
151.00 343.00
152.00 342.00
152.00 342.00
153.00 342.00
153.00 341.00
153.00 341.00
154.00 341.00
154.00 340.00
154.00 340.00
155.00 340.00
155.00 339.00
156.00 339.00
156.00 339.00
156.00 338.00
157.00 338.00
157.00 337.00
158.00 337.00
158.00 337.00
158.00 336.00
159.00 336.00
159.00 335.00
160.00 335.00
160.00 335.00
161.00 334.00
161.00 334.00
162.00 333.00
162.00 333.00
163.00 333.00
163.00 332.00
163.00 332.00
164.00 331.00
164.00 331.00
165.00 330.00
165.00 330.00
166.00 329.00
166.00 329.00
167.00 329.00
167.00 328.00
168.00 328.00
169.00 327.00
169.00 327.00
170.00 326.00
170.00 326.00
171.00 325.00
171.00 325.00
172.00 324.00
172.00 324.00
173.00 323.00
173.00 323.00
174.00 322.00
175.00 322.00
175.00 321.00
176.00 321.00
176.00 320.00
177.00 320.00
178.00 319.00
178.00 319.00
179.00 318.00
179.00 318.00
180.00 317.00
180.00 317.00
180.00 317.00
179.00 318.00
179.00 318.00
179.00 318.00
179.00 318.00
178.00 318.00
178.00 319.00
178.00 319.00
178.00 319.00
177.00 319.00
177.00 319.00
177.00 320.00
177.00 320.00
177.00 320.00
176.00 320.00
176.00 320.00
176.00 321.00
176.00 321.00
176.00 321.00
175.00 321.00
175.00 321.00
175.00 321.00
175.00 322.00
175.00 322.00
174.00 322.00
174.00 322.00
174.00 322.00
174.00 322.00
174.00 322.00
174.00 323.00
173.00 323.00
173.00 323.00
173.00 323.00
173.00 323.00
173.00 323.00
173.00 323.00
173.00 324.00
172.00 324.00
172.00 324.00
172.00 324.00
172.00 324.00
172.00 324.00
172.00 324.00
172.00 324.00
172.00 325.00
171.00 325.00
171.00 325.00
171.00 325.00
171.00 325.00
171.00 325.00
171.00 325.00
171.00 325.00
171.00 325.00
171.00 325.00
170.00 325.00
170.00 326.00
170.00 326.00
170.00 326.00
170.00 326.00
170.00 326.00
170.00 326.00
170.00 326.00
170.00 326.00
170.00 326.00
170.00 326.00
170.00 326.00
169.00 326.00
169.00 326.00
169.00 326.00
169.00 326.00
169.00 327.00
169.00 327.00
169.00 327.00
169.00 327.00
169.00 327.00
169.00 327.00
169.00 327.00
169.00 327.00
169.00 327.00
169.00 327.00
169.00 327.00
169.00 327.00
169.00 327.00
169.00 327.00
169.00 327.00
169.00 327.00
169.00 327.00
169.00 327.00
169.00 327.00
169.00 327.00
169.00 327.00
169.00 327.00
169.00 327.00
169.00 327.00
169.00 327.00
169.00 327.00
169.00 327.00
169.00 327.00
169.00 327.00
169.00 327.00
169.00 327.00
169.00 327.00
169.00 327.00
169.00 327.00
169.00 327.00
169.00 327.00
169.00 327.00
169.00 327.00
169.00 327.00
169.00 327.00
169.00 327.00
169.00 326.00
170.00 326.00
170.00 326.00
170.00 326.00
170.00 326.00
170.00 326.00
170.00 326.00
170.00 326.00
170.00 326.00
170.00 326.00
170.00 326.00
170.00 326.00
170.00 326.00
170.00 326.00
171.00 326.00
171.00 325.00
171.00 325.00
171.00 325.00
171.00 325.00
171.00 325.00
171.00 325.00
171.00 325.00
171.00 325.00
172.00 325.00
172.00 325.00
172.00 325.00
172.00 324.00
172.00 324.00
172.00 324.00
172.00 324.00
172.00 324.00
173.00 324.00
173.00 324.00
173.00 324.00
173.00 323.00
173.00 323.00
173.00 323.00
174.00 323.00
174.00 323.00
174.00 323.00
174.00 323.00
174.00 322.00
174.00 322.00
175.00 322.00
175.00 322.00
175.00 322.00
175.00 322.00
175.00 322.00
175.00 321.00
176.00 321.00
176.00 321.00
176.00 321.00
176.00 321.00
176.00 321.00
177.00 320.00
177.00 320.00
177.00 320.00
177.00 320.00
177.00 320.00
178.00 319.00
178.00 319.00
178.00 319.00
178.00 319.00
179.00 319.00
179.00 319.00
179.00 318.00
179.00 318.00
180.00 318.00
180.00 318.00
180.00 317.00
180.00 317.00
181.00 317.00
181.00 317.00
181.00 317.00
181.00 316.00
182.00 316.00
182.00 316.00
182.00 316.00
182.00 315.00
183.00 315.00
183.00 315.00
182.00 315.00
182.00 316.00
181.00 316.00
181.00 317.00
180.00 317.00
180.00 318.00
179.00 318.00
179.00 319.00
178.00 319.00
178.00 319.00
177.00 320.00
177.00 320.00
176.00 321.00
176.00 321.00
175.00 321.00
175.00 322.00
175.00 322.00
174.00 323.00
174.00 323.00
173.00 323.00
173.00 324.00
172.00 324.00
172.00 325.00
171.00 325.00
171.00 325.00
171.00 326.00
170.00 326.00
170.00 326.00
169.00 327.00
169.00 327.00
168.00 328.00
168.00 328.00
168.00 328.00
167.00 329.00
167.00 329.00
166.00 329.00
166.00 330.00
166.00 330.00
165.00 330.00
165.00 331.00
165.00 331.00
164.00 331.00
164.00 332.00
163.00 332.00
163.00 332.00
163.00 333.00
162.00 333.00
162.00 333.00
162.00 333.00
161.00 334.00
161.00 334.00
161.00 334.00
160.00 335.00
160.00 335.00
160.00 335.00
159.00 336.00
159.00 336.00
159.00 336.00
158.00 336.00
158.00 337.00
158.00 337.00
158.00 337.00
157.00 337.00
157.00 338.00
157.00 338.00
156.00 338.00
156.00 338.00
156.00 339.00
156.00 339.00
155.00 339.00
155.00 339.00
155.00 340.00
155.00 340.00
154.00 340.00
154.00 340.00
154.00 341.00
154.00 341.00
153.00 341.00
153.00 341.00
153.00 341.00
153.00 342.00
152.00 342.00
152.00 342.00
152.00 342.00
152.00 342.00
152.00 343.00
151.00 343.00
151.00 343.00
151.00 343.00
151.00 343.00
151.00 343.00
150.00 344.00
150.00 344.00
150.00 344.00
150.00 344.00
150.00 344.00
149.00 344.00
149.00 345.00
149.00 345.00
149.00 345.00
149.00 345.00
149.00 345.00
148.00 345.00
148.00 345.00
148.00 346.00
148.00 346.00
148.00 346.00
148.00 346.00
148.00 346.00
147.00 346.00
147.00 346.00
147.00 346.00
147.00 347.00
147.00 347.00
147.00 347.00
147.00 347.00
147.00 347.00
146.00 347.00
146.00 347.00
146.00 347.00
146.00 347.00
146.00 347.00
146.00 348.00
146.00 348.00
146.00 348.00
146.00 348.00
146.00 348.00
146.00 348.00
146.00 348.00
145.00 348.00
145.00 348.00
145.00 348.00
145.00 348.00
145.00 348.00
145.00 348.00
145.00 348.00
145.00 348.00
145.00 348.00
145.00 349.00
145.00 349.00
145.00 349.00
145.00 349.00
145.00 349.00
145.00 349.00
145.00 349.00
145.00 349.00
145.00 349.00
145.00 349.00
145.00 349.00
145.00 349.00
145.00 349.00
145.00 349.00
145.00 349.00
