231.00 298.00
231.00 298.00
231.00 298.00
231.00 298.00
231.00 298.00
231.00 298.00
231.00 298.00
231.00 298.00
231.00 298.00
231.00 298.00
231.00 298.00
231.00 298.00
231.00 298.00
231.00 298.00
231.00 298.00
231.00 298.00
231.00 298.00
231.00 298.00
231.00 298.00
231.00 298.00
231.00 298.00
231.00 298.00
231.00 298.00
231.00 298.00
231.00 298.00
231.00 297.00
231.00 297.00
231.00 297.00
231.00 297.00
231.00 297.00
231.00 297.00
231.00 297.00
231.00 297.00
231.00 297.00
231.00 297.00
231.00 297.00
232.00 297.00
232.00 297.00
232.00 297.00
232.00 297.00
232.00 297.00
232.00 296.00
232.00 296.00
232.00 296.00
232.00 296.00
232.00 296.00
232.00 296.00
232.00 296.00
232.00 297.00
231.00 298.00
231.00 298.00
230.00 299.00
230.00 300.00
229.00 301.00
229.00 302.00
228.00 302.00
228.00 303.00
227.00 304.00
227.00 305.00
227.00 305.00
226.00 306.00
226.00 307.00
225.00 308.00
225.00 308.00
224.00 309.00
224.00 310.00
223.00 311.00
223.00 311.00
223.00 312.00
222.00 313.00
222.00 314.00
221.00 314.00
221.00 315.00
220.00 316.00
220.00 316.00
220.00 317.00
219.00 318.00
219.00 318.00
218.00 319.00
218.00 320.00
217.00 320.00
217.00 321.00
217.00 322.00
216.00 322.00
216.00 323.00
215.00 324.00
215.00 324.00
215.00 325.00
214.00 326.00
214.00 326.00
213.00 327.00
213.00 328.00
213.00 328.00
212.00 329.00
212.00 329.00
211.00 330.00
211.00 331.00
211.00 331.00
210.00 332.00
210.00 332.00
210.00 333.00
209.00 334.00
209.00 334.00
208.00 335.00
208.00 335.00
208.00 336.00
207.00 336.00
207.00 337.00
207.00 337.00
206.00 338.00
206.00 339.00
206.00 339.00
205.00 340.00
205.00 340.00
205.00 341.00
204.00 341.00
204.00 342.00
204.00 342.00
203.00 343.00
203.00 343.00
203.00 344.00
202.00 344.00
202.00 345.00
202.00 345.00
201.00 346.00
201.00 346.00
201.00 347.00
200.00 347.00
200.00 347.00
200.00 348.00
199.00 348.00
199.00 349.00
199.00 349.00
198.00 350.00
198.00 350.00
198.00 350.00
198.00 351.00
197.00 351.00
197.00 352.00
197.00 352.00
196.00 353.00
196.00 353.00
196.00 353.00
196.00 354.00
195.00 354.00
195.00 355.00
195.00 355.00
195.00 355.00
194.00 356.00
194.00 356.00
194.00 355.00
195.00 355.00
195.00 354.00
196.00 353.00
196.00 353.00
197.00 352.00
197.00 351.00
198.00 351.00
198.00 350.00
199.00 349.00
199.00 349.00
200.00 348.00
200.00 347.00
201.00 347.00
201.00 346.00
202.00 345.00
202.00 344.00
203.00 344.00
203.00 343.00
204.00 342.00
204.00 342.00
205.00 341.00
205.00 340.00
206.00 339.00
206.00 338.00
207.00 338.00
207.00 337.00
208.00 336.00
208.00 335.00
209.00 334.00
209.00 334.00
210.00 333.00
210.00 332.00
211.00 331.00
211.00 330.00
212.00 329.00
213.00 328.00
213.00 328.00
214.00 327.00
214.00 326.00
215.00 325.00
215.00 324.00
216.00 323.00
217.00 322.00
217.00 321.00
218.00 320.00
218.00 319.00
219.00 319.00
219.00 318.00
220.00 317.00
221.00 316.00
221.00 315.00
222.00 314.00
222.00 313.00
223.00 312.00
224.00 311.00
224.00 310.00
225.00 309.00
225.00 308.00
226.00 307.00
227.00 306.00
227.00 305.00
228.00 304.00
228.00 303.00
229.00 302.00
230.00 301.00
230.00 299.00
231.00 298.00
232.00 297.00
232.00 296.00
233.00 295.00
233.00 294.00
234.00 293.00
234.00 293.00
234.00 293.00
234.00 293.00
234.00 293.00
234.00 293.00
234.00 293.00
234.00 293.00
234.00 293.00
234.00 293.00
234.00 293.00
234.00 293.00
234.00 293.00
234.00 293.00
234.00 294.00
234.00 294.00
234.00 294.00
234.00 294.00
234.00 294.00
234.00 294.00
234.00 294.00
234.00 294.00
234.00 294.00
234.00 294.00
234.00 294.00
234.00 294.00
234.00 294.00
234.00 294.00
234.00 294.00
234.00 294.00
234.00 294.00
234.00 294.00
234.00 294.00
234.00 294.00
234.00 294.00
234.00 294.00
234.00 294.00
234.00 294.00
234.00 294.00
234.00 294.00
234.00 294.00
234.00 294.00
234.00 294.00
234.00 294.00
234.00 294.00
234.00 294.00
234.00 294.00
234.00 294.00
234.00 294.00
234.00 294.00
234.00 294.00
234.00 294.00
234.00 294.00
234.00 294.00
234.00 294.00
234.00 293.00
234.00 293.00
234.00 293.00
234.00 293.00
234.00 293.00
234.00 293.00
234.00 293.00
234.00 293.00
234.00 293.00
234.00 293.00
234.00 293.00
234.00 293.00
234.00 293.00
234.00 293.00
234.00 293.00
234.00 293.00
234.00 293.00
234.00 293.00
234.00 293.00
234.00 293.00
234.00 293.00
234.00 293.00
234.00 292.00
235.00 292.00
235.00 292.00
235.00 292.00
235.00 292.00
235.00 292.00
235.00 292.00
235.00 292.00
235.00 292.00
235.00 292.00
235.00 292.00
235.00 292.00
235.00 292.00
235.00 292.00
235.00 292.00
235.00 291.00
235.00 291.00
235.00 291.00
235.00 291.00
235.00 291.00
235.00 291.00
235.00 291.00
235.00 291.00
236.00 291.00
236.00 291.00
236.00 291.00
236.00 290.00
236.00 290.00
236.00 290.00
236.00 290.00
236.00 290.00
236.00 290.00
236.00 290.00
236.00 291.00
235.00 291.00
235.00 292.00
235.00 292.00
235.00 292.00
234.00 293.00
234.00 293.00
234.00 294.00
234.00 294.00
234.00 294.00
233.00 295.00
233.00 295.00
233.00 295.00
233.00 296.00
232.00 296.00
232.00 297.00
232.00 297.00
232.00 297.00
232.00 298.00
231.00 298.00
231.00 298.00
231.00 299.00
231.00 299.00
231.00 299.00
230.00 300.00
230.00 300.00
230.00 301.00
230.00 301.00
230.00 301.00
229.00 302.00
229.00 302.00
229.00 302.00
229.00 303.00
229.00 303.00
228.00 303.00
228.00 304.00
228.00 304.00
228.00 304.00
228.00 305.00
227.00 305.00
227.00 305.00
227.00 305.00
227.00 306.00
227.00 306.00
226.00 306.00
226.00 307.00
226.00 307.00
226.00 307.00
226.00 308.00
226.00 308.00
225.00 308.00
225.00 309.00
225.00 309.00
225.00 309.00
225.00 309.00
225.00 310.00
224.00 310.00
224.00 310.00
224.00 311.00
224.00 311.00
224.00 311.00
224.00 311.00
223.00 312.00
223.00 312.00
223.00 312.00
223.00 312.00
223.00 313.00
223.00 313.00
222.00 313.00
222.00 313.00
222.00 314.00
222.00 314.00
222.00 314.00
222.00 314.00
222.00 315.00
221.00 315.00
221.00 315.00
221.00 315.00
221.00 316.00
221.00 316.00
221.00 316.00
221.00 316.00
220.00 317.00
220.00 317.00
220.00 317.00
220.00 317.00
220.00 317.00
220.00 318.00
220.00 318.00
219.00 318.00
219.00 318.00
219.00 319.00
219.00 319.00
219.00 319.00
219.00 319.00
219.00 319.00
219.00 320.00
219.00 320.00
218.00 320.00
218.00 320.00
218.00 320.00
218.00 320.00
218.00 321.00
218.00 321.00
218.00 321.00
218.00 321.00
218.00 321.00
217.00 321.00
217.00 322.00
217.00 322.00
217.00 322.00
217.00 322.00
217.00 322.00
217.00 322.00
217.00 323.00
217.00 323.00
217.00 323.00
216.00 323.00
216.00 323.00
216.00 323.00
216.00 323.00
216.00 324.00
216.00 324.00
216.00 324.00
216.00 324.00
216.00 324.00
216.00 324.00
216.00 324.00
216.00 324.00
216.00 325.00
215.00 325.00
215.00 325.00
215.00 325.00
215.00 325.00
215.00 325.00
215.00 325.00
215.00 325.00
215.00 325.00
215.00 325.00
215.00 326.00
215.00 326.00
215.00 326.00
215.00 326.00
215.00 326.00
215.00 326.00
215.00 326.00
215.00 326.00
215.00 326.00
214.00 326.00
214.00 326.00
214.00 326.00
214.00 326.00
214.00 327.00
214.00 327.00
214.00 327.00
214.00 327.00
214.00 327.00
214.00 327.00
214.00 327.00
214.00 327.00
214.00 327.00
214.00 327.00
214.00 327.00
214.00 327.00
214.00 327.00
214.00 327.00
214.00 327.00
214.00 327.00
214.00 327.00
214.00 327.00
214.00 327.00
214.00 327.00
214.00 327.00
214.00 327.00
214.00 327.00
214.00 327.00
214.00 327.00
214.00 327.00
214.00 327.00
214.00 327.00
214.00 327.00
214.00 327.00
214.00 327.00
214.00 327.00
214.00 327.00
214.00 327.00
214.00 327.00
214.00 327.00
214.00 327.00
214.00 327.00
214.00 327.00
214.00 327.00
214.00 327.00
214.00 327.00
214.00 327.00
214.00 327.00
214.00 327.00
214.00 327.00
214.00 327.00
214.00 327.00
214.00 327.00
214.00 327.00
214.00 326.00
214.00 326.00
214.00 326.00
215.00 326.00
215.00 326.00
215.00 326.00
215.00 326.00
215.00 326.00
215.00 326.00
215.00 326.00
215.00 326.00
215.00 326.00
215.00 326.00
215.00 325.00
215.00 325.00
215.00 325.00
215.00 325.00
215.00 325.00
215.00 325.00
215.00 325.00
215.00 325.00
216.00 325.00
216.00 325.00
216.00 324.00
216.00 324.00
216.00 324.00
216.00 324.00
216.00 324.00
215.00 325.00
215.00 326.00
214.00 328.00
213.00 329.00
212.00 330.00
212.00 331.00
211.00 332.00
210.00 333.00
209.00 334.00
209.00 335.00
208.00 336.00
207.00 337.00
207.00 339.00
206.00 340.00
205.00 341.00
204.00 342.00
204.00 343.00
203.00 344.00
202.00 345.00
202.00 346.00
201.00 347.00
200.00 348.00
200.00 349.00
199.00 350.00
198.00 350.00
198.00 351.00
197.00 352.00
196.00 353.00
196.00 354.00
195.00 355.00
194.00 356.00
194.00 357.00
193.00 358.00
193.00 358.00
192.00 359.00
191.00 360.00
191.00 361.00
190.00 362.00
190.00 363.00
189.00 363.00
188.00 364.00
188.00 365.00
187.00 366.00
187.00 366.00
186.00 367.00
185.00 368.00
185.00 369.00
184.00 369.00
184.00 370.00
183.00 371.00
183.00 372.00
182.00 372.00
181.00 373.00
181.00 374.00
180.00 374.00
180.00 375.00
179.00 376.00
179.00 376.00
178.00 377.00
178.00 377.00
177.00 378.00
177.00 379.00
176.00 379.00
176.00 380.00
175.00 380.00
175.00 381.00
174.00 382.00
174.00 382.00
173.00 383.00
173.00 383.00
172.00 384.00
172.00 384.00
171.00 385.00
171.00 386.00
171.00 386.00
170.00 387.00
170.00 387.00
169.00 388.00
169.00 388.00
168.00 389.00
168.00 389.00
167.00 390.00
167.00 390.00
167.00 390.00
166.00 391.00
166.00 391.00
165.00 392.00
165.00 392.00
165.00 393.00
164.00 393.00
164.00 394.00
163.00 394.00
163.00 394.00
163.00 395.00
162.00 395.00
162.00 396.00
162.00 396.00
161.00 396.00
161.00 397.00
160.00 397.00
160.00 398.00
160.00 398.00
159.00 398.00
159.00 399.00
159.00 399.00
158.00 399.00
158.00 400.00
158.00 400.00
157.00 400.00
157.00 401.00
157.00 401.00
157.00 401.00
156.00 402.00
156.00 402.00
156.00 402.00
155.00 403.00
155.00 403.00
155.00 403.00
154.00 403.00
154.00 404.00
154.00 404.00
154.00 404.00
153.00 405.00
153.00 405.00
153.00 405.00
153.00 405.00
152.00 406.00
152.00 406.00
152.00 406.00
152.00 406.00
151.00 407.00
151.00 407.00
151.00 407.00
151.00 407.00
150.00 408.00
150.00 408.00
150.00 408.00
150.00 408.00
149.00 408.00
149.00 409.00
149.00 409.00
149.00 409.00
149.00 409.00
148.00 409.00
148.00 410.00
148.00 410.00
148.00 410.00
148.00 410.00
148.00 410.00
147.00 411.00
147.00 411.00
147.00 411.00
147.00 411.00
147.00 411.00
146.00 411.00
146.00 411.00
146.00 412.00
146.00 412.00
146.00 412.00
146.00 412.00
146.00 412.00
145.00 412.00
145.00 412.00
145.00 413.00
145.00 413.00
145.00 413.00
145.00 413.00
145.00 413.00
145.00 413.00
144.00 413.00
144.00 413.00
144.00 413.00
144.00 414.00
144.00 414.00
144.00 414.00
144.00 414.00
144.00 414.00
144.00 414.00
144.00 414.00
143.00 414.00
143.00 414.00
143.00 414.00
143.00 414.00
143.00 414.00
143.00 415.00
143.00 415.00
143.00 415.00
143.00 415.00
143.00 415.00
143.00 415.00
143.00 415.00
143.00 415.00
143.00 415.00
143.00 415.00
143.00 415.00
143.00 415.00
143.00 415.00
143.00 415.00
142.00 415.00
142.00 415.00
142.00 415.00
142.00 415.00
142.00 415.00
142.00 415.00
142.00 415.00
142.00 415.00
142.00 415.00
142.00 415.00
142.00 415.00
142.00 415.00
142.00 415.00
142.00 415.00
142.00 415.00
142.00 415.00
142.00 415.00
143.00 415.00
143.00 415.00
143.00 415.00
143.00 415.00
143.00 415.00
143.00 415.00
143.00 415.00
143.00 415.00
143.00 415.00
143.00 415.00
143.00 415.00
143.00 415.00
143.00 414.00
143.00 414.00
143.00 414.00
143.00 414.00
143.00 414.00
143.00 414.00
144.00 414.00
144.00 414.00
144.00 414.00
144.00 414.00
144.00 414.00
144.00 414.00
144.00 414.00
144.00 413.00
144.00 413.00
144.00 413.00
144.00 413.00
145.00 413.00
145.00 413.00
145.00 413.00
145.00 413.00
145.00 413.00
145.00 412.00
145.00 412.00
146.00 412.00
146.00 412.00
146.00 412.00
146.00 412.00
146.00 412.00
146.00 411.00
146.00 411.00
147.00 411.00
147.00 411.00
147.00 411.00
147.00 411.00
147.00 410.00
147.00 410.00
148.00 410.00
148.00 410.00
148.00 410.00
148.00 410.00
148.00 409.00
149.00 409.00
149.00 409.00
149.00 409.00
149.00 409.00
149.00 408.00
150.00 408.00
150.00 408.00
150.00 408.00
150.00 407.00
150.00 407.00
151.00 407.00
151.00 407.00
151.00 407.00
151.00 406.00
152.00 406.00
152.00 406.00
152.00 406.00
152.00 405.00
153.00 405.00
153.00 405.00
153.00 405.00
153.00 404.00
154.00 404.00
154.00 404.00
154.00 403.00
155.00 403.00
155.00 403.00
155.00 403.00
155.00 402.00
156.00 402.00
156.00 402.00
156.00 401.00
157.00 401.00
157.00 401.00
157.00 400.00
158.00 400.00
158.00 400.00
158.00 399.00
159.00 399.00
159.00 399.00
159.00 398.00
160.00 398.00
160.00 397.00
160.00 397.00
161.00 397.00
161.00 396.00
161.00 396.00
162.00 396.00
162.00 395.00
162.00 395.00
163.00 394.00
163.00 394.00
164.00 393.00
164.00 393.00
164.00 393.00
165.00 392.00
165.00 392.00
166.00 391.00
166.00 391.00
166.00 390.00
167.00 390.00
167.00 389.00
168.00 389.00
168.00 388.00
168.00 388.00
169.00 387.00
169.00 387.00
170.00 386.00
170.00 386.00
171.00 385.00
171.00 385.00
172.00 384.00
172.00 384.00
173.00 383.00
173.00 383.00
173.00 382.00
174.00 381.00
174.00 381.00
175.00 380.00
175.00 380.00
176.00 379.00
176.00 379.00
177.00 378.00
177.00 377.00
178.00 377.00
178.00 376.00
179.00 375.00
180.00 375.00
180.00 374.00
181.00 373.00
181.00 373.00
182.00 372.00
182.00 371.00
183.00 371.00
183.00 370.00
184.00 369.00
184.00 368.00
185.00 368.00
186.00 367.00
186.00 366.00
187.00 365.00
187.00 365.00
188.00 364.00
189.00 363.00
189.00 362.00
190.00 362.00
190.00 361.00
191.00 360.00
192.00 359.00
192.00 358.00
193.00 357.00
193.00 356.00
194.00 356.00
195.00 355.00
195.00 354.00
196.00 353.00
197.00 352.00
197.00 351.00
198.00 350.00
199.00 349.00
199.00 348.00
200.00 347.00
201.00 346.00
201.00 345.00
202.00 344.00
203.00 343.00
203.00 342.00
204.00 341.00
205.00 340.00
205.00 339.00
206.00 338.00
207.00 337.00
207.00 336.00
208.00 335.00
209.00 334.00
210.00 333.00
210.00 332.00
211.00 331.00
212.00 329.00
213.00 328.00
213.00 327.00
214.00 326.00
215.00 325.00
215.00 324.00
216.00 322.00
217.00 321.00
218.00 320.00
219.00 319.00
219.00 318.00
220.00 316.00
221.00 315.00
222.00 314.00
222.00 313.00
223.00 311.00
224.00 310.00
225.00 309.00
225.00 307.00
226.00 306.00
227.00 305.00
228.00 303.00
229.00 302.00
229.00 301.00
230.00 299.00
231.00 298.00
231.00 298.00
231.00 298.00
231.00 298.00
231.00 298.00
231.00 298.00
231.00 298.00
231.00 298.00
231.00 298.00
231.00 298.00
231.00 298.00
231.00 298.00
231.00 298.00
231.00 298.00
231.00 298.00
231.00 298.00
231.00 298.00
231.00 298.00
231.00 298.00
231.00 298.00
231.00 298.00
231.00 298.00
231.00 298.00
231.00 298.00
231.00 298.00
231.00 298.00
231.00 298.00
231.00 298.00
231.00 298.00
231.00 298.00
