137.00 378.00
137.00 378.00
137.00 378.00
137.00 378.00
137.00 378.00
137.00 378.00
137.00 378.00
137.00 378.00
137.00 378.00
137.00 378.00
137.00 378.00
137.00 378.00
137.00 378.00
137.00 378.00
137.00 377.00
137.00 377.00
137.00 377.00
137.00 377.00
137.00 377.00
137.00 377.00
137.00 377.00
137.00 377.00
137.00 377.00
137.00 377.00
137.00 377.00
138.00 377.00
138.00 377.00
138.00 377.00
138.00 376.00
138.00 376.00
138.00 376.00
138.00 376.00
138.00 376.00
138.00 376.00
138.00 376.00
138.00 376.00
139.00 376.00
139.00 375.00
139.00 375.00
139.00 375.00
139.00 375.00
139.00 375.00
139.00 375.00
139.00 375.00
140.00 375.00
140.00 374.00
140.00 374.00
140.00 374.00
140.00 374.00
140.00 374.00
140.00 374.00
141.00 373.00
141.00 373.00
141.00 373.00
141.00 373.00
141.00 373.00
141.00 373.00
142.00 372.00
142.00 372.00
142.00 372.00
142.00 372.00
142.00 372.00
143.00 371.00
143.00 371.00
143.00 371.00
143.00 371.00
143.00 371.00
144.00 370.00
144.00 370.00
144.00 370.00
144.00 370.00
144.00 369.00
145.00 369.00
145.00 369.00
145.00 369.00
145.00 368.00
146.00 368.00
146.00 368.00
146.00 368.00
146.00 367.00
147.00 367.00
147.00 367.00
147.00 367.00
147.00 366.00
148.00 366.00
148.00 366.00
148.00 365.00
149.00 365.00
149.00 365.00
149.00 365.00
149.00 364.00
150.00 364.00
150.00 364.00
150.00 363.00
151.00 363.00
151.00 363.00
151.00 362.00
152.00 362.00
152.00 362.00
152.00 361.00
153.00 361.00
153.00 361.00
153.00 360.00
154.00 360.00
154.00 360.00
154.00 359.00
155.00 359.00
155.00 358.00
155.00 358.00
156.00 358.00
156.00 357.00
157.00 357.00
157.00 357.00
157.00 356.00
158.00 356.00
158.00 355.00
158.00 355.00
159.00 354.00
159.00 354.00
160.00 354.00
160.00 353.00
161.00 353.00
161.00 352.00
161.00 352.00
162.00 351.00
162.00 351.00
163.00 350.00
163.00 350.00
164.00 350.00
164.00 349.00
164.00 349.00
165.00 348.00
165.00 348.00
166.00 347.00
166.00 347.00
167.00 346.00
167.00 346.00
168.00 345.00
168.00 345.00
169.00 344.00
169.00 344.00
170.00 343.00
170.00 343.00
171.00 342.00
171.00 341.00
172.00 341.00
172.00 340.00
173.00 340.00
173.00 339.00
174.00 339.00
175.00 338.00
175.00 338.00
176.00 337.00
176.00 336.00
177.00 336.00
177.00 335.00
178.00 335.00
178.00 334.00
179.00 333.00
180.00 333.00
180.00 332.00
181.00 332.00
181.00 331.00
182.00 330.00
183.00 330.00
183.00 329.00
184.00 328.00
185.00 328.00
185.00 327.00
186.00 326.00
186.00 326.00
187.00 325.00
188.00 324.00
188.00 324.00
189.00 323.00
190.00 322.00
190.00 322.00
191.00 321.00
192.00 320.00
192.00 319.00
193.00 319.00
194.00 318.00
194.00 317.00
195.00 317.00
196.00 316.00
197.00 315.00
197.00 314.00
198.00 314.00
199.00 313.00
199.00 312.00
200.00 311.00
201.00 311.00
202.00 310.00
202.00 309.00
203.00 308.00
204.00 307.00
205.00 307.00
205.00 306.00
206.00 305.00
207.00 304.00
208.00 303.00
208.00 303.00
209.00 302.00
210.00 301.00
210.00 301.00
210.00 301.00
210.00 301.00
210.00 301.00
210.00 302.00
210.00 302.00
209.00 302.00
209.00 302.00
209.00 302.00
209.00 302.00
209.00 302.00
209.00 302.00
209.00 302.00
209.00 302.00
209.00 302.00
209.00 303.00
209.00 303.00
209.00 303.00
209.00 303.00
209.00 303.00
209.00 303.00
209.00 303.00
208.00 303.00
208.00 303.00
208.00 303.00
208.00 303.00
208.00 303.00
208.00 303.00
185.00 329.00
185.00 329.00
185.00 329.00
185.00 329.00
185.00 329.00
185.00 329.00
185.00 329.00
185.00 329.00
185.00 329.00
185.00 329.00
185.00 329.00
185.00 330.00
185.00 330.00
184.00 330.00
184.00 330.00
184.00 330.00
184.00 330.00
184.00 330.00
184.00 330.00
184.00 330.00
184.00 330.00
184.00 330.00
184.00 330.00
184.00 330.00
184.00 330.00
184.00 330.00
184.00 330.00
184.00 330.00
184.00 330.00
184.00 330.00
184.00 330.00
184.00 330.00
184.00 330.00
184.00 330.00
184.00 330.00
185.00 330.00
185.00 330.00
185.00 330.00
185.00 329.00
185.00 329.00
185.00 329.00
185.00 329.00
185.00 329.00
185.00 329.00
185.00 329.00
185.00 329.00
185.00 329.00
185.00 329.00
185.00 329.00
185.00 329.00
185.00 329.00
185.00 329.00
185.00 329.00
185.00 329.00
185.00 329.00
186.00 329.00
186.00 328.00
186.00 328.00
186.00 328.00
186.00 328.00
186.00 328.00
186.00 328.00
186.00 328.00
186.00 328.00
186.00 328.00
186.00 328.00
187.00 328.00
187.00 328.00
187.00 327.00
187.00 327.00
187.00 327.00
187.00 327.00
187.00 327.00
187.00 327.00
187.00 327.00
188.00 327.00
188.00 326.00
188.00 326.00
188.00 326.00
188.00 326.00
188.00 326.00
188.00 326.00
188.00 326.00
189.00 326.00
189.00 325.00
189.00 325.00
189.00 325.00
189.00 325.00
189.00 325.00
189.00 325.00
190.00 324.00
190.00 324.00
190.00 324.00
190.00 324.00
190.00 324.00
190.00 324.00
191.00 323.00
191.00 323.00
191.00 323.00
191.00 323.00
191.00 323.00
191.00 323.00
192.00 322.00
192.00 322.00
192.00 322.00
192.00 322.00
192.00 322.00
193.00 321.00
193.00 321.00
193.00 321.00
192.00 322.00
192.00 322.00
191.00 323.00
191.00 323.00
190.00 324.00
189.00 325.00
189.00 325.00
188.00 326.00
188.00 326.00
187.00 327.00
187.00 328.00
186.00 328.00
186.00 329.00
185.00 329.00
184.00 330.00
184.00 330.00
183.00 331.00
183.00 332.00
182.00 332.00
182.00 333.00
181.00 333.00
181.00 334.00
180.00 334.00
180.00 335.00
179.00 335.00
179.00 336.00
178.00 336.00
178.00 337.00
177.00 337.00
177.00 338.00
176.00 338.00
176.00 339.00
175.00 339.00
175.00 340.00
174.00 340.00
174.00 341.00
173.00 341.00
173.00 342.00
173.00 342.00
172.00 343.00
172.00 343.00
171.00 343.00
171.00 344.00
170.00 344.00
170.00 345.00
170.00 345.00
169.00 346.00
169.00 346.00
168.00 346.00
168.00 347.00
167.00 347.00
167.00 348.00
167.00 348.00
166.00 348.00
166.00 349.00
166.00 349.00
165.00 350.00
165.00 350.00
164.00 350.00
164.00 351.00
164.00 351.00
163.00 352.00
163.00 352.00
163.00 352.00
162.00 353.00
162.00 353.00
162.00 353.00
161.00 354.00
161.00 354.00
161.00 354.00
160.00 355.00
160.00 355.00
160.00 355.00
159.00 356.00
159.00 356.00
159.00 356.00
158.00 357.00
158.00 357.00
158.00 357.00
157.00 357.00
157.00 358.00
157.00 358.00
157.00 358.00
156.00 359.00
156.00 359.00
156.00 359.00
156.00 359.00
155.00 360.00
155.00 360.00
155.00 360.00
155.00 360.00
154.00 361.00
154.00 361.00
154.00 361.00
154.00 361.00
153.00 362.00
153.00 362.00
153.00 362.00
153.00 362.00
152.00 363.00
152.00 363.00
152.00 363.00
152.00 363.00
152.00 364.00
151.00 364.00
151.00 364.00
151.00 364.00
151.00 364.00
151.00 365.00
150.00 365.00
150.00 365.00
150.00 365.00
150.00 365.00
150.00 365.00
149.00 366.00
149.00 366.00
149.00 366.00
149.00 366.00
149.00 366.00
149.00 366.00
148.00 367.00
148.00 367.00
148.00 367.00
148.00 367.00
148.00 367.00
148.00 367.00
148.00 367.00
147.00 368.00
147.00 368.00
147.00 368.00
147.00 368.00
147.00 368.00
147.00 368.00
147.00 368.00
147.00 368.00
147.00 369.00
146.00 369.00
146.00 369.00
146.00 369.00
146.00 369.00
146.00 369.00
146.00 369.00
146.00 369.00
146.00 369.00
146.00 369.00
146.00 369.00
146.00 370.00
145.00 370.00
145.00 370.00
145.00 370.00
145.00 370.00
145.00 370.00
145.00 370.00
145.00 370.00
145.00 370.00
145.00 370.00
145.00 370.00
145.00 370.00
145.00 370.00
145.00 370.00
145.00 370.00
145.00 370.00
145.00 370.00
145.00 370.00
145.00 370.00
145.00 370.00
145.00 370.00
145.00 370.00
145.00 370.00
145.00 370.00
145.00 370.00
145.00 370.00
145.00 370.00
145.00 370.00
145.00 370.00
145.00 370.00
145.00 370.00
145.00 370.00
145.00 370.00
145.00 370.00
145.00 370.00
145.00 370.00
145.00 370.00
145.00 370.00
145.00 370.00
145.00 370.00
145.00 370.00
145.00 370.00
145.00 370.00
145.00 370.00
145.00 370.00
145.00 370.00
145.00 370.00
145.00 370.00
146.00 370.00
146.00 369.00
146.00 369.00
146.00 369.00
146.00 369.00
146.00 369.00
146.00 369.00
146.00 369.00
146.00 369.00
146.00 369.00
146.00 369.00
147.00 369.00
147.00 368.00
147.00 368.00
147.00 368.00
147.00 368.00
147.00 368.00
147.00 368.00
147.00 368.00
147.00 368.00
148.00 367.00
148.00 367.00
148.00 367.00
148.00 367.00
148.00 367.00
148.00 367.00
148.00 367.00
149.00 366.00
149.00 366.00
149.00 366.00
149.00 366.00
149.00 366.00
149.00 366.00
150.00 365.00
150.00 365.00
150.00 365.00
150.00 365.00
150.00 365.00
151.00 364.00
151.00 364.00
151.00 364.00
151.00 364.00
151.00 364.00
152.00 363.00
152.00 363.00
152.00 363.00
151.00 364.00
150.00 365.00
149.00 366.00
148.00 367.00
147.00 368.00
146.00 369.00
145.00 370.00
144.00 371.00
143.00 372.00
142.00 373.00
141.00 374.00
140.00 375.00
139.00 376.00
139.00 377.00
138.00 377.00
137.00 378.00
136.00 379.00
135.00 380.00
134.00 381.00
134.00 382.00
133.00 382.00
132.00 383.00
131.00 384.00
130.00 385.00
130.00 386.00
129.00 386.00
128.00 387.00
127.00 388.00
127.00 388.00
126.00 389.00
125.00 390.00
125.00 391.00
124.00 391.00
123.00 392.00
123.00 393.00
122.00 393.00
121.00 394.00
121.00 395.00
120.00 395.00
119.00 396.00
119.00 396.00
118.00 397.00
118.00 398.00
117.00 398.00
116.00 399.00
116.00 399.00
115.00 400.00
115.00 400.00
114.00 401.00
114.00 402.00
113.00 402.00
112.00 403.00
112.00 403.00
111.00 404.00
111.00 404.00
110.00 405.00
110.00 405.00
109.00 406.00
109.00 406.00
108.00 407.00
108.00 407.00
107.00 407.00
107.00 408.00
107.00 408.00
106.00 409.00
106.00 409.00
105.00 410.00
105.00 410.00
104.00 411.00
104.00 411.00
104.00 411.00
103.00 412.00
103.00 412.00
102.00 413.00
102.00 413.00
102.00 413.00
101.00 414.00
101.00 414.00
101.00 414.00
100.00 415.00
100.00 415.00
99.00 415.00
99.00 416.00
99.00 416.00
98.00 416.00
98.00 417.00
98.00 417.00
97.00 417.00
97.00 418.00
97.00 418.00
96.00 418.00
96.00 419.00
96.00 419.00
96.00 419.00
95.00 419.00
95.00 420.00
95.00 420.00
94.00 420.00
94.00 421.00
94.00 421.00
94.00 421.00
93.00 421.00
93.00 422.00
93.00 422.00
93.00 422.00
92.00 422.00
92.00 423.00
92.00 423.00
92.00 423.00
91.00 423.00
91.00 423.00
91.00 424.00
91.00 424.00
91.00 424.00
90.00 424.00
90.00 425.00
90.00 425.00
90.00 425.00
90.00 425.00
89.00 425.00
89.00 425.00
89.00 426.00
89.00 426.00
89.00 426.00
88.00 426.00
88.00 426.00
88.00 427.00
88.00 427.00
88.00 427.00
88.00 427.00
87.00 427.00
87.00 427.00
87.00 427.00
87.00 428.00
87.00 428.00
87.00 428.00
87.00 428.00
86.00 428.00
86.00 428.00
86.00 428.00
86.00 428.00
86.00 429.00
86.00 429.00
86.00 429.00
86.00 429.00
85.00 429.00
85.00 429.00
85.00 429.00
85.00 429.00
85.00 429.00
85.00 430.00
85.00 430.00
85.00 430.00
85.00 430.00
85.00 430.00
85.00 430.00
84.00 430.00
84.00 430.00
84.00 430.00
84.00 430.00
84.00 430.00
84.00 430.00
84.00 430.00
84.00 431.00
84.00 431.00
84.00 431.00
84.00 431.00
84.00 431.00
84.00 431.00
84.00 431.00
84.00 431.00
84.00 431.00
84.00 431.00
84.00 431.00
84.00 431.00
83.00 431.00
83.00 431.00
83.00 431.00
83.00 431.00
83.00 431.00
83.00 431.00
83.00 431.00
83.00 431.00
83.00 431.00
83.00 431.00
83.00 431.00
83.00 431.00
83.00 431.00
83.00 431.00
83.00 431.00
83.00 431.00
83.00 431.00
83.00 431.00
83.00 431.00
83.00 431.00
83.00 431.00
84.00 431.00
84.00 431.00
84.00 431.00
84.00 431.00
84.00 431.00
84.00 431.00
84.00 431.00
84.00 431.00
84.00 431.00
84.00 431.00
84.00 431.00
84.00 431.00
84.00 430.00
84.00 430.00
84.00 430.00
84.00 430.00
84.00 430.00
84.00 430.00
84.00 430.00
85.00 430.00
85.00 430.00
85.00 430.00
85.00 430.00
85.00 430.00
85.00 430.00
85.00 429.00
85.00 429.00
85.00 429.00
85.00 429.00
85.00 429.00
86.00 429.00
86.00 429.00
86.00 429.00
86.00 429.00
86.00 428.00
86.00 428.00
86.00 428.00
86.00 428.00
87.00 428.00
87.00 428.00
87.00 428.00
87.00 428.00
87.00 427.00
87.00 427.00
87.00 427.00
88.00 427.00
88.00 427.00
88.00 427.00
88.00 426.00
88.00 426.00
88.00 426.00
89.00 426.00
89.00 426.00
89.00 426.00
89.00 425.00
89.00 425.00
90.00 425.00
90.00 425.00
90.00 425.00
90.00 424.00
90.00 424.00
91.00 424.00
91.00 424.00
91.00 424.00
91.00 423.00
91.00 423.00
92.00 423.00
92.00 423.00
92.00 423.00
92.00 422.00
93.00 422.00
93.00 422.00
93.00 422.00
93.00 421.00
94.00 421.00
94.00 421.00
94.00 421.00
94.00 420.00
95.00 420.00
95.00 420.00
95.00 419.00
96.00 419.00
96.00 419.00
96.00 419.00
96.00 418.00
97.00 418.00
97.00 418.00
97.00 417.00
98.00 417.00
98.00 417.00
98.00 416.00
99.00 416.00
99.00 416.00
99.00 415.00
100.00 415.00
100.00 415.00
101.00 414.00
101.00 414.00
101.00 414.00
102.00 413.00
102.00 413.00
102.00 412.00
103.00 412.00
103.00 412.00
104.00 411.00
104.00 411.00
104.00 410.00
105.00 410.00
105.00 410.00
106.00 409.00
106.00 409.00
107.00 408.00
107.00 408.00
108.00 407.00
108.00 407.00
108.00 407.00
109.00 406.00
109.00 406.00
110.00 405.00
110.00 405.00
111.00 404.00
111.00 404.00
112.00 403.00
112.00 403.00
113.00 402.00
114.00 401.00
114.00 401.00
115.00 400.00
115.00 400.00
116.00 399.00
116.00 399.00
117.00 398.00
118.00 398.00
118.00 397.00
119.00 396.00
119.00 396.00
120.00 395.00
121.00 394.00
121.00 394.00
122.00 393.00
123.00 393.00
123.00 392.00
124.00 391.00
125.00 390.00
125.00 390.00
126.00 389.00
127.00 388.00
127.00 388.00
128.00 387.00
129.00 386.00
130.00 385.00
130.00 385.00
131.00 384.00
132.00 383.00
133.00 382.00
134.00 382.00
134.00 381.00
135.00 380.00
136.00 379.00
137.00 378.00
138.00 377.00
139.00 376.00
140.00 376.00
140.00 375.00
141.00 374.00
142.00 373.00
143.00 372.00
144.00 371.00
145.00 370.00
146.00 369.00
146.00 369.00
146.00 369.00
145.00 370.00
145.00 370.00
145.00 370.00
145.00 370.00
144.00 371.00
144.00 371.00
144.00 371.00
144.00 371.00
143.00 371.00
143.00 372.00
143.00 372.00
143.00 372.00
143.00 372.00
142.00 372.00
142.00 373.00
142.00 373.00
142.00 373.00
142.00 373.00
142.00 373.00
141.00 374.00
141.00 374.00
141.00 374.00
141.00 374.00
141.00 374.00
141.00 374.00
140.00 374.00
140.00 375.00
140.00 375.00
140.00 375.00
140.00 375.00
140.00 375.00
140.00 375.00
139.00 375.00
139.00 376.00
139.00 376.00
139.00 376.00
139.00 376.00
139.00 376.00
139.00 376.00
139.00 376.00
138.00 376.00
138.00 376.00
138.00 376.00
138.00 377.00
138.00 377.00
138.00 377.00
138.00 377.00
138.00 377.00
138.00 377.00
138.00 377.00
138.00 377.00
137.00 377.00
137.00 377.00
137.00 377.00
137.00 377.00
137.00 377.00
137.00 377.00
137.00 378.00
137.00 378.00
137.00 378.00
137.00 378.00
137.00 378.00
137.00 378.00
137.00 378.00
137.00 378.00
137.00 378.00
137.00 378.00
137.00 378.00
137.00 378.00
137.00 378.00
137.00 378.00
137.00 378.00
137.00 378.00
137.00 378.00
