110.00 382.00
110.00 382.00
110.00 382.00
110.00 382.00
110.00 382.00
110.00 382.00
110.00 382.00
110.00 382.00
110.00 382.00
110.00 382.00
110.00 382.00
110.00 382.00
110.00 382.00
110.00 381.00
110.00 381.00
110.00 381.00
110.00 381.00
110.00 381.00
110.00 381.00
110.00 381.00
110.00 381.00
110.00 381.00
110.00 381.00
110.00 381.00
110.00 381.00
110.00 381.00
110.00 381.00
111.00 381.00
111.00 381.00
111.00 380.00
111.00 380.00
111.00 380.00
111.00 380.00
111.00 380.00
111.00 380.00
111.00 380.00
111.00 380.00
112.00 380.00
112.00 379.00
112.00 379.00
112.00 379.00
112.00 379.00
112.00 379.00
112.00 379.00
112.00 379.00
113.00 379.00
113.00 378.00
113.00 378.00
113.00 378.00
113.00 378.00
113.00 378.00
113.00 378.00
114.00 377.00
114.00 377.00
114.00 377.00
114.00 377.00
114.00 377.00
114.00 377.00
115.00 376.00
115.00 376.00
115.00 376.00
115.00 376.00
115.00 376.00
116.00 375.00
116.00 375.00
116.00 375.00
116.00 375.00
116.00 375.00
117.00 374.00
117.00 374.00
117.00 374.00
117.00 374.00
118.00 373.00
118.00 373.00
118.00 373.00
118.00 373.00
118.00 372.00
119.00 372.00
119.00 372.00
119.00 372.00
120.00 371.00
120.00 371.00
120.00 371.00
120.00 371.00
121.00 370.00
121.00 370.00
121.00 370.00
121.00 369.00
122.00 369.00
122.00 369.00
122.00 369.00
123.00 368.00
123.00 368.00
123.00 368.00
124.00 367.00
124.00 367.00
124.00 367.00
125.00 366.00
125.00 366.00
125.00 366.00
126.00 365.00
126.00 365.00
125.00 366.00
125.00 366.00
124.00 367.00
123.00 368.00
123.00 368.00
122.00 369.00
121.00 370.00
121.00 370.00
120.00 371.00
119.00 372.00
119.00 372.00
118.00 373.00
118.00 373.00
117.00 374.00
116.00 375.00
116.00 375.00
115.00 376.00
115.00 376.00
114.00 377.00
114.00 377.00
113.00 378.00
113.00 378.00
112.00 379.00
111.00 380.00
111.00 380.00
110.00 381.00
110.00 381.00
109.00 382.00
109.00 382.00
109.00 383.00
108.00 383.00
108.00 384.00
107.00 384.00
107.00 385.00
106.00 385.00
106.00 385.00
105.00 386.00
105.00 386.00
105.00 387.00
104.00 387.00
104.00 388.00
103.00 388.00
103.00 388.00
102.00 389.00
102.00 389.00
102.00 390.00
101.00 390.00
101.00 390.00
101.00 391.00
100.00 391.00
100.00 392.00
100.00 392.00
99.00 392.00
99.00 393.00
99.00 393.00
98.00 393.00
98.00 394.00
98.00 394.00
97.00 394.00
97.00 395.00
97.00 395.00
96.00 395.00
96.00 396.00
96.00 396.00
95.00 396.00
95.00 397.00
95.00 397.00
95.00 397.00
94.00 398.00
94.00 398.00
94.00 398.00
94.00 398.00
93.00 399.00
93.00 399.00
94.00 398.00
95.00 397.00
96.00 396.00
96.00 395.00
97.00 394.00
98.00 393.00
99.00 392.00
100.00 391.00
101.00 390.00
102.00 389.00
103.00 388.00
104.00 387.00
105.00 386.00
106.00 385.00
108.00 384.00
109.00 383.00
110.00 381.00
111.00 380.00
112.00 379.00
113.00 378.00
115.00 376.00
116.00 375.00
117.00 374.00
119.00 372.00
120.00 371.00
121.00 370.00
123.00 368.00
124.00 367.00
126.00 365.00
127.00 364.00
129.00 362.00
130.00 361.00
132.00 359.00
133.00 358.00
135.00 356.00
137.00 355.00
139.00 353.00
140.00 351.00
142.00 350.00
144.00 348.00
146.00 346.00
148.00 344.00
150.00 343.00
152.00 341.00
154.00 339.00
156.00 337.00
156.00 337.00
156.00 337.00
156.00 337.00
156.00 337.00
156.00 337.00
155.00 338.00
155.00 338.00
155.00 338.00
155.00 338.00
155.00 338.00
155.00 338.00
155.00 338.00
155.00 338.00
155.00 338.00
155.00 338.00
155.00 338.00
155.00 338.00
155.00 338.00
155.00 338.00
154.00 338.00
154.00 338.00
154.00 338.00
154.00 338.00
154.00 338.00
154.00 338.00
154.00 339.00
154.00 339.00
154.00 339.00
154.00 339.00
154.00 339.00
154.00 339.00
154.00 339.00
154.00 339.00
154.00 339.00
154.00 339.00
154.00 339.00
154.00 339.00
154.00 339.00
154.00 339.00
154.00 339.00
154.00 339.00
154.00 339.00
154.00 339.00
154.00 339.00
154.00 338.00
154.00 338.00
154.00 338.00
154.00 338.00
154.00 338.00
154.00 338.00
154.00 338.00
155.00 338.00
155.00 338.00
155.00 338.00
155.00 338.00
155.00 338.00
155.00 338.00
155.00 338.00
155.00 338.00
155.00 338.00
155.00 338.00
155.00 338.00
155.00 338.00
155.00 338.00
155.00 337.00
155.00 337.00
156.00 337.00
156.00 337.00
156.00 337.00
156.00 337.00
156.00 337.00
156.00 337.00
156.00 337.00
156.00 337.00
156.00 337.00
157.00 336.00
157.00 336.00
157.00 336.00
157.00 336.00
157.00 336.00
157.00 336.00
157.00 336.00
157.00 336.00
158.00 336.00
158.00 335.00
158.00 335.00
158.00 335.00
158.00 335.00
158.00 335.00
158.00 335.00
159.00 335.00
159.00 334.00
159.00 334.00
159.00 334.00
159.00 334.00
159.00 334.00
160.00 334.00
160.00 333.00
160.00 333.00
160.00 333.00
160.00 333.00
161.00 333.00
161.00 333.00
161.00 332.00
161.00 332.00
161.00 332.00
162.00 332.00
162.00 332.00
162.00 331.00
162.00 331.00
163.00 331.00
163.00 331.00
163.00 331.00
163.00 330.00
163.00 330.00
164.00 330.00
164.00 330.00
164.00 330.00
164.00 329.00
165.00 329.00
165.00 329.00
165.00 329.00
165.00 328.00
166.00 328.00
166.00 328.00
166.00 328.00
167.00 328.00
167.00 327.00
167.00 327.00
167.00 327.00
168.00 327.00
168.00 326.00
168.00 326.00
169.00 326.00
169.00 325.00
169.00 325.00
170.00 325.00
170.00 325.00
170.00 324.00
170.00 324.00
171.00 324.00
171.00 324.00
171.00 323.00
172.00 323.00
172.00 323.00
172.00 322.00
173.00 322.00
173.00 322.00
173.00 321.00
174.00 321.00
174.00 321.00
175.00 321.00
175.00 320.00
175.00 320.00
176.00 320.00
176.00 319.00
176.00 319.00
177.00 319.00
177.00 318.00
178.00 318.00
178.00 318.00
178.00 317.00
179.00 317.00
179.00 317.00
180.00 316.00
180.00 316.00
180.00 316.00
181.00 315.00
181.00 315.00
182.00 315.00
182.00 314.00
183.00 314.00
183.00 313.00
183.00 313.00
184.00 313.00
184.00 312.00
185.00 312.00
185.00 312.00
186.00 311.00
186.00 311.00
187.00 310.00
187.00 310.00
187.00 310.00
186.00 310.00
186.00 311.00
186.00 311.00
186.00 311.00
185.00 311.00
185.00 312.00
185.00 312.00
185.00 312.00
184.00 312.00
184.00 313.00
184.00 313.00
183.00 313.00
183.00 313.00
183.00 313.00
183.00 314.00
182.00 314.00
182.00 314.00
182.00 314.00
182.00 314.00
182.00 315.00
181.00 315.00
181.00 315.00
181.00 315.00
181.00 315.00
180.00 316.00
180.00 316.00
180.00 316.00
180.00 316.00
180.00 316.00
179.00 316.00
179.00 317.00
179.00 317.00
179.00 317.00
179.00 317.00
178.00 317.00
178.00 317.00
178.00 318.00
178.00 318.00
178.00 318.00
177.00 318.00
177.00 318.00
177.00 318.00
177.00 319.00
177.00 319.00
177.00 319.00
176.00 319.00
176.00 319.00
176.00 319.00
176.00 319.00
176.00 320.00
176.00 320.00
176.00 320.00
175.00 320.00
175.00 320.00
175.00 320.00
175.00 320.00
175.00 320.00
175.00 320.00
175.00 321.00
174.00 321.00
174.00 321.00
174.00 321.00
174.00 321.00
174.00 321.00
174.00 321.00
174.00 321.00
174.00 321.00
174.00 321.00
173.00 322.00
173.00 322.00
173.00 322.00
173.00 322.00
173.00 322.00
173.00 322.00
173.00 322.00
173.00 322.00
173.00 322.00
173.00 322.00
173.00 322.00
173.00 322.00
172.00 322.00
172.00 323.00
172.00 323.00
172.00 323.00
172.00 323.00
172.00 323.00
172.00 323.00
172.00 323.00
172.00 323.00
172.00 323.00
172.00 323.00
172.00 323.00
172.00 323.00
172.00 323.00
172.00 323.00
172.00 323.00
172.00 323.00
172.00 323.00
172.00 323.00
172.00 323.00
172.00 323.00
172.00 323.00
172.00 323.00
172.00 323.00
172.00 323.00
172.00 323.00
172.00 323.00
172.00 323.00
172.00 323.00
172.00 323.00
172.00 323.00
172.00 323.00
172.00 323.00
172.00 323.00
172.00 323.00
172.00 323.00
172.00 323.00
172.00 323.00
172.00 323.00
172.00 323.00
172.00 323.00
172.00 323.00
172.00 323.00
172.00 323.00
172.00 323.00
172.00 323.00
172.00 323.00
172.00 323.00
172.00 323.00
172.00 323.00
172.00 323.00
172.00 323.00
173.00 322.00
173.00 322.00
173.00 322.00
173.00 322.00
173.00 322.00
173.00 322.00
173.00 322.00
173.00 322.00
173.00 322.00
173.00 322.00
173.00 322.00
173.00 322.00
174.00 322.00
174.00 322.00
174.00 321.00
174.00 321.00
174.00 321.00
174.00 321.00
174.00 321.00
174.00 321.00
174.00 321.00
175.00 321.00
175.00 321.00
175.00 321.00
175.00 320.00
175.00 320.00
175.00 320.00
175.00 320.00
175.00 320.00
176.00 320.00
176.00 320.00
176.00 320.00
176.00 319.00
176.00 319.00
176.00 319.00
177.00 319.00
177.00 319.00
177.00 319.00
177.00 319.00
177.00 318.00
177.00 318.00
178.00 318.00
178.00 318.00
178.00 318.00
178.00 318.00
178.00 318.00
179.00 317.00
179.00 317.00
179.00 317.00
179.00 317.00
179.00 317.00
180.00 317.00
180.00 316.00
180.00 316.00
180.00 316.00
180.00 316.00
181.00 316.00
181.00 315.00
181.00 315.00
181.00 315.00
181.00 315.00
182.00 315.00
182.00 315.00
182.00 314.00
182.00 314.00
183.00 314.00
183.00 314.00
183.00 314.00
183.00 313.00
184.00 313.00
184.00 313.00
184.00 313.00
184.00 312.00
185.00 312.00
185.00 312.00
184.00 312.00
184.00 313.00
183.00 313.00
183.00 314.00
182.00 314.00
182.00 315.00
181.00 315.00
181.00 316.00
180.00 316.00
180.00 316.00
179.00 317.00
179.00 317.00
178.00 318.00
178.00 318.00
177.00 319.00
177.00 319.00
176.00 319.00
176.00 320.00
175.00 320.00
175.00 321.00
175.00 321.00
174.00 321.00
174.00 322.00
173.00 322.00
173.00 323.00
172.00 323.00
172.00 323.00
171.00 324.00
171.00 324.00
171.00 324.00
170.00 325.00
170.00 325.00
169.00 325.00
169.00 326.00
169.00 326.00
168.00 327.00
168.00 327.00
167.00 327.00
167.00 328.00
167.00 328.00
166.00 328.00
166.00 329.00
165.00 329.00
165.00 329.00
165.00 330.00
164.00 330.00
164.00 330.00
164.00 331.00
163.00 331.00
163.00 331.00
163.00 331.00
162.00 332.00
162.00 332.00
162.00 332.00
161.00 333.00
161.00 333.00
161.00 333.00
160.00 334.00
160.00 334.00
160.00 334.00
159.00 334.00
159.00 335.00
159.00 335.00
158.00 335.00
158.00 335.00
158.00 336.00
158.00 336.00
157.00 336.00
157.00 336.00
157.00 337.00
156.00 337.00
156.00 337.00
156.00 337.00
156.00 338.00
155.00 338.00
155.00 338.00
155.00 338.00
155.00 339.00
154.00 339.00
154.00 339.00
154.00 339.00
154.00 339.00
153.00 340.00
153.00 340.00
153.00 340.00
153.00 340.00
153.00 340.00
152.00 341.00
152.00 341.00
152.00 341.00
152.00 341.00
152.00 341.00
151.00 342.00
151.00 342.00
151.00 342.00
151.00 342.00
151.00 342.00
150.00 342.00
150.00 343.00
150.00 343.00
150.00 343.00
150.00 343.00
150.00 343.00
149.00 343.00
149.00 344.00
149.00 344.00
149.00 344.00
149.00 344.00
149.00 344.00
149.00 344.00
148.00 344.00
148.00 344.00
148.00 345.00
148.00 345.00
148.00 345.00
148.00 345.00
148.00 345.00
147.00 345.00
147.00 345.00
147.00 345.00
147.00 345.00
147.00 346.00
147.00 346.00
147.00 346.00
147.00 346.00
147.00 346.00
147.00 346.00
146.00 346.00
146.00 346.00
146.00 346.00
146.00 346.00
146.00 346.00
146.00 346.00
146.00 347.00
146.00 347.00
146.00 347.00
146.00 347.00
146.00 347.00
146.00 347.00
146.00 347.00
146.00 347.00
146.00 347.00
146.00 347.00
146.00 347.00
145.00 347.00
145.00 347.00
145.00 347.00
145.00 347.00
145.00 347.00
145.00 347.00
145.00 347.00
145.00 347.00
145.00 347.00
145.00 347.00
145.00 347.00
145.00 347.00
145.00 347.00
145.00 347.00
145.00 347.00
145.00 347.00
145.00 347.00
145.00 347.00
145.00 347.00
145.00 347.00
145.00 347.00
145.00 347.00
145.00 347.00
146.00 347.00
146.00 347.00
146.00 347.00
146.00 347.00
146.00 347.00
146.00 347.00
146.00 347.00
146.00 347.00
146.00 347.00
146.00 347.00
146.00 347.00
146.00 347.00
146.00 347.00
146.00 346.00
146.00 346.00
146.00 346.00
146.00 346.00
147.00 346.00
147.00 346.00
147.00 346.00
147.00 346.00
147.00 346.00
147.00 346.00
147.00 346.00
147.00 346.00
147.00 345.00
147.00 345.00
148.00 345.00
148.00 345.00
148.00 345.00
148.00 345.00
148.00 345.00
148.00 345.00
148.00 345.00
148.00 344.00
149.00 344.00
149.00 344.00
149.00 344.00
149.00 344.00
149.00 344.00
149.00 344.00
150.00 343.00
150.00 343.00
150.00 343.00
150.00 343.00
150.00 343.00
150.00 343.00
151.00 343.00
151.00 342.00
151.00 342.00
151.00 342.00
151.00 342.00
152.00 342.00
152.00 341.00
152.00 341.00
152.00 341.00
152.00 341.00
153.00 341.00
153.00 341.00
153.00 340.00
153.00 340.00
153.00 340.00
154.00 340.00
154.00 340.00
154.00 339.00
154.00 339.00
155.00 339.00
155.00 339.00
155.00 338.00
155.00 338.00
156.00 338.00
156.00 338.00
156.00 338.00
156.00 337.00
157.00 337.00
157.00 337.00
157.00 337.00
158.00 336.00
158.00 336.00
158.00 336.00
158.00 336.00
159.00 335.00
159.00 335.00
158.00 336.00
158.00 336.00
157.00 337.00
156.00 338.00
155.00 338.00
155.00 339.00
154.00 339.00
153.00 340.00
153.00 341.00
152.00 341.00
151.00 342.00
151.00 342.00
150.00 343.00
150.00 343.00
149.00 344.00
148.00 345.00
148.00 345.00
147.00 346.00
146.00 346.00
146.00 347.00
145.00 347.00
145.00 348.00
144.00 348.00
144.00 349.00
143.00 349.00
142.00 350.00
142.00 350.00
141.00 351.00
141.00 351.00
140.00 352.00
140.00 352.00
139.00 353.00
139.00 353.00
138.00 354.00
138.00 354.00
137.00 355.00
137.00 355.00
136.00 356.00
136.00 356.00
135.00 357.00
135.00 357.00
134.00 357.00
134.00 358.00
133.00 358.00
133.00 359.00
133.00 359.00
132.00 360.00
132.00 360.00
131.00 360.00
131.00 361.00
130.00 361.00
130.00 362.00
130.00 362.00
129.00 362.00
129.00 363.00
128.00 363.00
128.00 363.00
128.00 364.00
127.00 364.00
127.00 365.00
127.00 365.00
126.00 365.00
126.00 366.00
126.00 366.00
125.00 366.00
125.00 367.00
125.00 367.00
124.00 367.00
124.00 368.00
124.00 368.00
123.00 368.00
123.00 369.00
123.00 369.00
122.00 369.00
122.00 369.00
122.00 370.00
121.00 370.00
121.00 370.00
121.00 371.00
121.00 371.00
120.00 371.00
120.00 371.00
120.00 372.00
119.00 372.00
119.00 372.00
119.00 372.00
119.00 373.00
118.00 373.00
118.00 373.00
118.00 373.00
118.00 374.00
117.00 374.00
117.00 374.00
117.00 374.00
117.00 375.00
117.00 375.00
116.00 375.00
116.00 375.00
116.00 375.00
116.00 376.00
116.00 376.00
115.00 376.00
115.00 376.00
115.00 376.00
115.00 377.00
115.00 377.00
114.00 377.00
114.00 377.00
114.00 377.00
114.00 377.00
114.00 378.00
114.00 378.00
113.00 378.00
113.00 378.00
113.00 378.00
113.00 378.00
113.00 379.00
113.00 379.00
112.00 379.00
112.00 379.00
112.00 379.00
112.00 379.00
112.00 379.00
112.00 379.00
112.00 380.00
112.00 380.00
112.00 380.00
111.00 380.00
111.00 380.00
111.00 380.00
111.00 380.00
111.00 380.00
111.00 380.00
111.00 380.00
111.00 381.00
111.00 381.00
111.00 381.00
110.00 381.00
110.00 381.00
110.00 381.00
110.00 381.00
110.00 381.00
110.00 381.00
110.00 381.00
110.00 381.00
110.00 381.00
110.00 381.00
110.00 381.00
110.00 381.00
110.00 381.00
110.00 382.00
110.00 382.00
110.00 382.00
110.00 382.00
110.00 382.00
110.00 382.00
110.00 382.00
110.00 382.00
110.00 382.00
110.00 382.00
110.00 382.00
110.00 382.00
