185.00 308.00
185.00 308.00
185.00 308.00
185.00 308.00
185.00 308.00
185.00 308.00
185.00 308.00
185.00 308.00
185.00 308.00
185.00 308.00
185.00 308.00
185.00 308.00
185.00 308.00
185.00 308.00
185.00 308.00
185.00 308.00
185.00 308.00
185.00 308.00
185.00 307.00
186.00 307.00
186.00 307.00
186.00 307.00
186.00 307.00
186.00 307.00
186.00 307.00
186.00 307.00
186.00 307.00
186.00 307.00
186.00 307.00
186.00 307.00
186.00 307.00
186.00 307.00
186.00 307.00
186.00 307.00
186.00 306.00
187.00 306.00
187.00 306.00
187.00 306.00
187.00 306.00
187.00 306.00
187.00 306.00
186.00 307.00
185.00 308.00
184.00 309.00
182.00 310.00
181.00 311.00
180.00 311.00
179.00 312.00
178.00 313.00
177.00 314.00
176.00 315.00
175.00 316.00
174.00 317.00
173.00 318.00
172.00 318.00
171.00 319.00
170.00 320.00
169.00 321.00
168.00 322.00
167.00 323.00
166.00 323.00
165.00 324.00
164.00 325.00
163.00 326.00
162.00 327.00
161.00 327.00
160.00 328.00
159.00 329.00
158.00 330.00
157.00 331.00
157.00 331.00
156.00 332.00
155.00 333.00
154.00 334.00
153.00 334.00
152.00 335.00
151.00 336.00
151.00 337.00
150.00 337.00
149.00 338.00
148.00 339.00
147.00 339.00
147.00 340.00
146.00 341.00
145.00 341.00
144.00 342.00
144.00 343.00
143.00 343.00
142.00 344.00
142.00 345.00
141.00 345.00
140.00 346.00
139.00 347.00
139.00 347.00
138.00 348.00
137.00 348.00
137.00 349.00
136.00 350.00
136.00 350.00
135.00 351.00
134.00 351.00
134.00 352.00
133.00 353.00
132.00 353.00
132.00 354.00
131.00 354.00
131.00 355.00
130.00 355.00
130.00 356.00
129.00 356.00
128.00 357.00
128.00 357.00
127.00 358.00
127.00 358.00
126.00 359.00
126.00 359.00
125.00 360.00
125.00 360.00
124.00 361.00
124.00 361.00
123.00 362.00
123.00 362.00
122.00 363.00
122.00 363.00
121.00 364.00
121.00 364.00
121.00 365.00
120.00 365.00
120.00 366.00
119.00 366.00
119.00 366.00
118.00 367.00
118.00 367.00
118.00 368.00
117.00 368.00
117.00 368.00
116.00 369.00
116.00 369.00
116.00 370.00
115.00 370.00
115.00 370.00
114.00 371.00
114.00 371.00
114.00 372.00
113.00 372.00
113.00 372.00
113.00 373.00
112.00 373.00
112.00 373.00
112.00 374.00
111.00 374.00
111.00 374.00
111.00 375.00
110.00 375.00
110.00 375.00
110.00 376.00
109.00 376.00
109.00 376.00
109.00 377.00
109.00 377.00
108.00 377.00
108.00 377.00
108.00 378.00
107.00 378.00
107.00 378.00
107.00 379.00
107.00 379.00
106.00 379.00
106.00 379.00
106.00 380.00
106.00 380.00
105.00 380.00
105.00 380.00
105.00 381.00
105.00 381.00
104.00 381.00
104.00 381.00
104.00 382.00
104.00 382.00
104.00 382.00
103.00 382.00
103.00 382.00
103.00 383.00
103.00 383.00
103.00 383.00
102.00 383.00
102.00 383.00
102.00 384.00
102.00 384.00
102.00 384.00
102.00 384.00
101.00 384.00
101.00 385.00
101.00 385.00
101.00 385.00
101.00 385.00
101.00 385.00
100.00 385.00
100.00 386.00
100.00 386.00
100.00 386.00
100.00 386.00
100.00 386.00
100.00 386.00
100.00 386.00
99.00 387.00
99.00 387.00
99.00 387.00
99.00 387.00
99.00 387.00
99.00 387.00
99.00 387.00
99.00 387.00
99.00 387.00
98.00 388.00
98.00 388.00
98.00 388.00
98.00 388.00
98.00 388.00
98.00 388.00
98.00 388.00
98.00 388.00
98.00 388.00
98.00 388.00
98.00 388.00
98.00 389.00
98.00 389.00
98.00 389.00
97.00 389.00
97.00 389.00
97.00 389.00
97.00 389.00
97.00 389.00
97.00 389.00
97.00 389.00
97.00 389.00
97.00 389.00
97.00 389.00
97.00 389.00
97.00 389.00
97.00 389.00
97.00 389.00
97.00 389.00
97.00 389.00
97.00 389.00
97.00 389.00
97.00 389.00
97.00 389.00
97.00 389.00
97.00 389.00
97.00 389.00
97.00 389.00
97.00 389.00
97.00 389.00
97.00 389.00
97.00 389.00
97.00 389.00
97.00 389.00
97.00 389.00
97.00 389.00
97.00 389.00
97.00 389.00
97.00 389.00
97.00 389.00
98.00 389.00
98.00 389.00
98.00 389.00
98.00 389.00
98.00 389.00
98.00 388.00
98.00 388.00
98.00 388.00
98.00 388.00
98.00 388.00
98.00 388.00
98.00 388.00
98.00 388.00
98.00 388.00
99.00 388.00
99.00 388.00
99.00 388.00
99.00 387.00
99.00 387.00
99.00 387.00
99.00 387.00
99.00 387.00
99.00 387.00
100.00 387.00
100.00 387.00
100.00 386.00
100.00 386.00
100.00 386.00
100.00 386.00
100.00 386.00
100.00 386.00
101.00 386.00
101.00 385.00
101.00 385.00
101.00 385.00
101.00 385.00
101.00 385.00
102.00 385.00
102.00 384.00
102.00 384.00
102.00 384.00
102.00 384.00
102.00 384.00
103.00 384.00
103.00 383.00
103.00 383.00
103.00 383.00
103.00 383.00
104.00 382.00
104.00 382.00
104.00 382.00
104.00 382.00
104.00 382.00
105.00 381.00
105.00 381.00
105.00 381.00
105.00 381.00
106.00 380.00
106.00 380.00
106.00 380.00
106.00 380.00
107.00 379.00
107.00 379.00
107.00 379.00
107.00 379.00
108.00 378.00
108.00 378.00
108.00 378.00
109.00 377.00
109.00 377.00
109.00 377.00
109.00 377.00
110.00 376.00
110.00 376.00
110.00 376.00
111.00 375.00
111.00 375.00
111.00 375.00
112.00 374.00
112.00 374.00
112.00 374.00
113.00 373.00
113.00 373.00
113.00 373.00
114.00 372.00
114.00 372.00
113.00 373.00
112.00 374.00
112.00 374.00
111.00 375.00
110.00 376.00
109.00 376.00
109.00 377.00
108.00 378.00
107.00 379.00
106.00 379.00
106.00 380.00
105.00 381.00
104.00 381.00
104.00 382.00
103.00 383.00
102.00 383.00
102.00 384.00
101.00 385.00
101.00 385.00
100.00 386.00
99.00 386.00
99.00 387.00
98.00 388.00
98.00 388.00
97.00 389.00
97.00 389.00
96.00 390.00
95.00 390.00
95.00 391.00
94.00 391.00
94.00 392.00
93.00 392.00
93.00 393.00
92.00 394.00
92.00 394.00
91.00 395.00
91.00 395.00
91.00 395.00
92.00 394.00
92.00 394.00
93.00 393.00
93.00 392.00
94.00 392.00
94.00 391.00
95.00 391.00
95.00 390.00
96.00 390.00
96.00 389.00
97.00 389.00
98.00 388.00
98.00 388.00
99.00 387.00
99.00 386.00
100.00 386.00
100.00 385.00
101.00 385.00
102.00 384.00
102.00 383.00
103.00 383.00
103.00 382.00
104.00 381.00
105.00 381.00
105.00 380.00
106.00 379.00
107.00 379.00
108.00 378.00
108.00 377.00
109.00 377.00
110.00 376.00
110.00 375.00
111.00 374.00
112.00 374.00
113.00 373.00
114.00 372.00
114.00 371.00
115.00 370.00
116.00 370.00
117.00 369.00
118.00 368.00
119.00 367.00
119.00 366.00
120.00 365.00
121.00 365.00
122.00 364.00
123.00 363.00
124.00 362.00
124.00 362.00
123.00 362.00
123.00 363.00
123.00 363.00
123.00 363.00
123.00 363.00
122.00 364.00
122.00 364.00
122.00 364.00
122.00 364.00
121.00 365.00
121.00 365.00
121.00 365.00
121.00 365.00
121.00 365.00
120.00 366.00
120.00 366.00
120.00 366.00
120.00 366.00
120.00 366.00
119.00 367.00
119.00 367.00
119.00 367.00
119.00 367.00
119.00 367.00
118.00 367.00
118.00 368.00
118.00 368.00
118.00 368.00
118.00 368.00
118.00 368.00
118.00 368.00
117.00 368.00
117.00 369.00
117.00 369.00
117.00 369.00
117.00 369.00
117.00 369.00
117.00 369.00
116.00 369.00
116.00 369.00
116.00 370.00
116.00 370.00
116.00 370.00
116.00 370.00
116.00 370.00
116.00 370.00
116.00 370.00
116.00 370.00
115.00 370.00
115.00 370.00
115.00 371.00
115.00 371.00
115.00 371.00
115.00 371.00
115.00 371.00
115.00 371.00
115.00 371.00
115.00 371.00
115.00 371.00
115.00 371.00
115.00 371.00
115.00 371.00
115.00 371.00
114.00 371.00
114.00 371.00
114.00 371.00
114.00 371.00
114.00 372.00
114.00 372.00
114.00 372.00
114.00 372.00
114.00 372.00
114.00 372.00
114.00 372.00
114.00 372.00
114.00 372.00
114.00 372.00
114.00 372.00
114.00 372.00
114.00 372.00
114.00 372.00
114.00 372.00
114.00 372.00
114.00 372.00
114.00 372.00
114.00 372.00
114.00 372.00
114.00 371.00
114.00 371.00
114.00 371.00
114.00 371.00
115.00 371.00
115.00 371.00
115.00 371.00
115.00 371.00
115.00 371.00
115.00 371.00
115.00 371.00
115.00 371.00
115.00 371.00
115.00 371.00
115.00 371.00
115.00 371.00
115.00 371.00
115.00 370.00
115.00 370.00
116.00 370.00
116.00 370.00
116.00 370.00
116.00 370.00
116.00 370.00
116.00 370.00
116.00 370.00
116.00 370.00
116.00 369.00
116.00 369.00
117.00 369.00
117.00 369.00
117.00 369.00
117.00 369.00
117.00 369.00
117.00 369.00
117.00 368.00
118.00 368.00
118.00 368.00
118.00 368.00
118.00 368.00
118.00 368.00
118.00 368.00
118.00 367.00
119.00 367.00
119.00 367.00
119.00 367.00
119.00 367.00
119.00 367.00
120.00 366.00
120.00 366.00
120.00 366.00
120.00 366.00
120.00 366.00
121.00 365.00
121.00 365.00
121.00 365.00
121.00 365.00
121.00 365.00
122.00 364.00
122.00 364.00
122.00 364.00
122.00 364.00
123.00 363.00
123.00 363.00
123.00 363.00
122.00 364.00
121.00 365.00
120.00 366.00
119.00 367.00
118.00 368.00
117.00 369.00
116.00 370.00
115.00 371.00
114.00 371.00
113.00 372.00
113.00 373.00
112.00 374.00
111.00 375.00
110.00 376.00
109.00 377.00
108.00 377.00
108.00 378.00
107.00 379.00
106.00 380.00
105.00 381.00
105.00 381.00
104.00 382.00
103.00 383.00
103.00 384.00
102.00 384.00
101.00 385.00
100.00 386.00
100.00 386.00
99.00 387.00
98.00 388.00
98.00 388.00
97.00 389.00
97.00 390.00
96.00 390.00
95.00 391.00
95.00 392.00
94.00 392.00
94.00 393.00
93.00 393.00
93.00 394.00
92.00 395.00
92.00 395.00
91.00 396.00
90.00 396.00
90.00 397.00
89.00 397.00
89.00 398.00
89.00 398.00
90.00 397.00
90.00 397.00
91.00 396.00
91.00 396.00
92.00 395.00
92.00 395.00
92.00 394.00
93.00 394.00
93.00 393.00
94.00 393.00
94.00 392.00
95.00 392.00
95.00 391.00
96.00 390.00
96.00 390.00
97.00 389.00
97.00 389.00
98.00 388.00
99.00 388.00
99.00 387.00
100.00 386.00
100.00 386.00
101.00 385.00
101.00 385.00
102.00 384.00
103.00 383.00
103.00 383.00
104.00 382.00
104.00 381.00
105.00 381.00
106.00 380.00
106.00 379.00
107.00 379.00
108.00 378.00
108.00 377.00
109.00 376.00
110.00 376.00
111.00 375.00
111.00 374.00
112.00 373.00
113.00 373.00
114.00 372.00
114.00 371.00
115.00 370.00
116.00 369.00
117.00 369.00
118.00 368.00
119.00 367.00
119.00 366.00
120.00 365.00
121.00 364.00
122.00 363.00
123.00 363.00
124.00 362.00
125.00 361.00
126.00 360.00
127.00 359.00
128.00 358.00
129.00 357.00
130.00 356.00
131.00 355.00
132.00 354.00
133.00 353.00
134.00 352.00
134.00 352.00
134.00 352.00
133.00 353.00
133.00 353.00
133.00 353.00
133.00 353.00
132.00 353.00
132.00 354.00
132.00 354.00
132.00 354.00
132.00 354.00
131.00 354.00
131.00 355.00
131.00 355.00
131.00 355.00
131.00 355.00
131.00 355.00
130.00 355.00
130.00 356.00
130.00 356.00
130.00 356.00
130.00 356.00
130.00 356.00
129.00 356.00
129.00 357.00
129.00 357.00
129.00 357.00
129.00 357.00
129.00 357.00
129.00 357.00
128.00 357.00
128.00 357.00
128.00 358.00
128.00 358.00
128.00 358.00
128.00 358.00
128.00 358.00
128.00 358.00
127.00 358.00
127.00 358.00
127.00 358.00
127.00 359.00
127.00 359.00
127.00 359.00
127.00 359.00
127.00 359.00
127.00 359.00
127.00 359.00
127.00 359.00
127.00 359.00
126.00 359.00
126.00 359.00
126.00 359.00
126.00 359.00
126.00 359.00
126.00 360.00
126.00 360.00
126.00 360.00
126.00 360.00
126.00 360.00
126.00 360.00
126.00 360.00
126.00 360.00
126.00 360.00
126.00 360.00
126.00 360.00
126.00 360.00
126.00 360.00
126.00 360.00
126.00 360.00
126.00 360.00
126.00 360.00
126.00 360.00
126.00 360.00
126.00 360.00
126.00 360.00
126.00 360.00
126.00 360.00
126.00 360.00
126.00 360.00
126.00 360.00
126.00 360.00
126.00 360.00
126.00 360.00
126.00 360.00
126.00 360.00
126.00 360.00
126.00 360.00
126.00 360.00
126.00 359.00
126.00 359.00
126.00 359.00
126.00 359.00
127.00 359.00
127.00 359.00
127.00 359.00
127.00 359.00
127.00 359.00
127.00 359.00
127.00 359.00
127.00 359.00
127.00 359.00
127.00 359.00
127.00 358.00
127.00 358.00
128.00 358.00
128.00 358.00
128.00 358.00
128.00 358.00
128.00 358.00
128.00 358.00
128.00 358.00
128.00 358.00
129.00 357.00
129.00 357.00
129.00 357.00
129.00 357.00
129.00 357.00
129.00 357.00
129.00 357.00
130.00 356.00
130.00 356.00
130.00 356.00
130.00 356.00
130.00 356.00
130.00 356.00
131.00 356.00
131.00 355.00
131.00 355.00
131.00 355.00
131.00 355.00
131.00 355.00
132.00 355.00
132.00 354.00
132.00 354.00
132.00 354.00
132.00 354.00
133.00 354.00
133.00 353.00
133.00 353.00
133.00 353.00
134.00 353.00
134.00 353.00
134.00 352.00
134.00 352.00
134.00 352.00
135.00 352.00
135.00 351.00
135.00 351.00
136.00 351.00
136.00 351.00
136.00 350.00
136.00 350.00
137.00 350.00
137.00 350.00
137.00 349.00
137.00 349.00
138.00 349.00
138.00 349.00
138.00 348.00
139.00 348.00
139.00 348.00
139.00 348.00
139.00 347.00
140.00 347.00
140.00 347.00
140.00 346.00
141.00 346.00
141.00 346.00
141.00 346.00
142.00 345.00
142.00 345.00
142.00 345.00
143.00 344.00
143.00 344.00
144.00 344.00
144.00 343.00
144.00 343.00
145.00 343.00
145.00 342.00
145.00 342.00
146.00 342.00
146.00 341.00
147.00 341.00
147.00 341.00
147.00 340.00
148.00 340.00
148.00 340.00
149.00 339.00
149.00 339.00
150.00 338.00
150.00 338.00
150.00 338.00
151.00 337.00
151.00 337.00
152.00 336.00
152.00 336.00
153.00 336.00
153.00 335.00
154.00 335.00
154.00 334.00
155.00 334.00
155.00 334.00
156.00 333.00
156.00 333.00
157.00 332.00
157.00 332.00
158.00 331.00
158.00 331.00
159.00 331.00
159.00 330.00
160.00 330.00
160.00 329.00
161.00 329.00
161.00 328.00
162.00 328.00
162.00 327.00
163.00 327.00
164.00 326.00
164.00 326.00
165.00 325.00
165.00 325.00
166.00 324.00
166.00 324.00
167.00 323.00
168.00 323.00
168.00 322.00
169.00 322.00
170.00 321.00
170.00 321.00
171.00 320.00
171.00 320.00
172.00 319.00
173.00 319.00
173.00 318.00
174.00 318.00
175.00 317.00
175.00 317.00
176.00 316.00
177.00 316.00
177.00 315.00
178.00 314.00
179.00 314.00
180.00 313.00
180.00 313.00
181.00 312.00
182.00 312.00
182.00 311.00
183.00 310.00
184.00 310.00
185.00 309.00
185.00 309.00
186.00 308.00
187.00 307.00
188.00 307.00
188.00 306.00
189.00 306.00
190.00 305.00
190.00 305.00
190.00 305.00
190.00 305.00
189.00 305.00
189.00 306.00
189.00 306.00
189.00 306.00
189.00 306.00
189.00 306.00
189.00 306.00
188.00 306.00
188.00 306.00
188.00 306.00
188.00 306.00
188.00 306.00
188.00 306.00
188.00 307.00
188.00 307.00
188.00 307.00
187.00 307.00
187.00 307.00
187.00 307.00
187.00 307.00
187.00 307.00
187.00 307.00
187.00 307.00
187.00 307.00
187.00 307.00
187.00 307.00
186.00 307.00
186.00 307.00
186.00 307.00
186.00 308.00
186.00 308.00
186.00 308.00
186.00 308.00
186.00 308.00
186.00 308.00
186.00 308.00
186.00 308.00
186.00 308.00
186.00 308.00
186.00 308.00
186.00 308.00
186.00 308.00
185.00 308.00
185.00 308.00
185.00 308.00
185.00 308.00
185.00 308.00
185.00 308.00
185.00 308.00
185.00 308.00
185.00 308.00
185.00 308.00
185.00 308.00
185.00 308.00
185.00 308.00
185.00 308.00
185.00 308.00
185.00 308.00
185.00 308.00
185.00 308.00
185.00 308.00
185.00 308.00
