213.00 336.00
213.00 336.00
213.00 336.00
213.00 336.00
213.00 336.00
213.00 336.00
213.00 336.00
213.00 336.00
213.00 336.00
213.00 336.00
213.00 336.00
213.00 336.00
213.00 336.00
213.00 336.00
213.00 336.00
213.00 336.00
213.00 336.00
213.00 336.00
213.00 335.00
213.00 335.00
213.00 335.00
213.00 335.00
213.00 335.00
213.00 335.00
213.00 335.00
213.00 335.00
213.00 335.00
214.00 335.00
214.00 335.00
214.00 335.00
214.00 335.00
214.00 334.00
214.00 334.00
214.00 334.00
214.00 334.00
214.00 334.00
214.00 334.00
214.00 334.00
214.00 334.00
214.00 334.00
214.00 334.00
214.00 333.00
214.00 333.00
214.00 333.00
215.00 333.00
215.00 333.00
215.00 333.00
215.00 333.00
215.00 333.00
215.00 332.00
215.00 332.00
215.00 332.00
215.00 332.00
215.00 332.00
215.00 332.00
215.00 331.00
216.00 331.00
216.00 331.00
216.00 331.00
216.00 331.00
216.00 331.00
216.00 331.00
216.00 330.00
216.00 330.00
216.00 330.00
216.00 330.00
217.00 330.00
217.00 329.00
217.00 329.00
217.00 329.00
217.00 329.00
217.00 329.00
217.00 328.00
217.00 328.00
217.00 328.00
218.00 328.00
218.00 328.00
218.00 327.00
218.00 327.00
218.00 327.00
218.00 327.00
218.00 327.00
218.00 326.00
219.00 326.00
219.00 326.00
219.00 326.00
219.00 325.00
219.00 325.00
219.00 325.00
219.00 325.00
220.00 324.00
220.00 324.00
220.00 324.00
220.00 324.00
220.00 323.00
220.00 323.00
220.00 323.00
221.00 323.00
221.00 322.00
221.00 322.00
221.00 322.00
221.00 322.00
221.00 321.00
221.00 321.00
222.00 321.00
222.00 320.00
222.00 320.00
222.00 320.00
222.00 320.00
222.00 319.00
223.00 319.00
223.00 319.00
223.00 318.00
223.00 318.00
223.00 318.00
223.00 317.00
224.00 317.00
224.00 317.00
224.00 316.00
224.00 316.00
224.00 316.00
225.00 315.00
225.00 315.00
225.00 315.00
225.00 314.00
225.00 314.00
225.00 314.00
226.00 313.00
226.00 313.00
226.00 313.00
226.00 312.00
226.00 312.00
227.00 312.00
227.00 311.00
227.00 311.00
227.00 311.00
227.00 312.00
227.00 312.00
226.00 312.00
226.00 312.00
226.00 313.00
226.00 313.00
226.00 313.00
226.00 313.00
226.00 314.00
225.00 314.00
225.00 314.00
225.00 314.00
225.00 315.00
225.00 315.00
225.00 315.00
225.00 315.00
225.00 316.00
224.00 316.00
224.00 316.00
224.00 316.00
224.00 317.00
224.00 317.00
224.00 317.00
224.00 317.00
224.00 317.00
223.00 318.00
223.00 318.00
223.00 318.00
223.00 318.00
223.00 319.00
223.00 319.00
223.00 319.00
223.00 319.00
222.00 319.00
222.00 320.00
222.00 320.00
222.00 320.00
222.00 320.00
222.00 320.00
222.00 320.00
222.00 321.00
222.00 321.00
222.00 321.00
221.00 321.00
221.00 321.00
221.00 321.00
221.00 322.00
221.00 322.00
221.00 322.00
221.00 322.00
221.00 322.00
221.00 322.00
221.00 323.00
221.00 323.00
221.00 323.00
220.00 323.00
220.00 323.00
220.00 323.00
220.00 323.00
220.00 324.00
220.00 324.00
220.00 324.00
220.00 324.00
220.00 324.00
220.00 324.00
220.00 324.00
220.00 325.00
220.00 325.00
220.00 325.00
219.00 325.00
219.00 325.00
219.00 325.00
219.00 325.00
219.00 325.00
219.00 325.00
219.00 325.00
219.00 326.00
219.00 326.00
219.00 326.00
219.00 326.00
219.00 326.00
219.00 326.00
219.00 326.00
219.00 326.00
219.00 326.00
219.00 326.00
219.00 326.00
219.00 326.00
219.00 327.00
218.00 327.00
218.00 327.00
218.00 327.00
218.00 327.00
218.00 327.00
218.00 327.00
218.00 327.00
218.00 327.00
218.00 327.00
218.00 327.00
218.00 327.00
218.00 327.00
218.00 327.00
218.00 327.00
218.00 327.00
218.00 327.00
218.00 327.00
218.00 327.00
218.00 327.00
218.00 327.00
218.00 327.00
218.00 327.00
218.00 327.00
218.00 327.00
218.00 327.00
218.00 327.00
218.00 327.00
218.00 327.00
218.00 327.00
218.00 327.00
218.00 327.00
218.00 327.00
218.00 327.00
218.00 327.00
218.00 327.00
218.00 327.00
218.00 327.00
218.00 327.00
218.00 327.00
218.00 327.00
218.00 327.00
218.00 327.00
218.00 327.00
218.00 327.00
218.00 327.00
218.00 327.00
218.00 327.00
218.00 327.00
218.00 327.00
218.00 327.00
218.00 327.00
218.00 327.00
219.00 327.00
219.00 327.00
219.00 327.00
219.00 327.00
219.00 326.00
219.00 326.00
219.00 326.00
219.00 326.00
219.00 326.00
219.00 326.00
219.00 326.00
219.00 326.00
219.00 326.00
219.00 326.00
219.00 326.00
219.00 326.00
219.00 325.00
219.00 325.00
219.00 325.00
219.00 325.00
219.00 325.00
220.00 325.00
220.00 325.00
220.00 325.00
220.00 325.00
220.00 324.00
220.00 324.00
220.00 324.00
220.00 324.00
220.00 324.00
220.00 324.00
220.00 324.00
220.00 324.00
220.00 323.00
220.00 323.00
221.00 323.00
221.00 323.00
221.00 323.00
221.00 323.00
221.00 323.00
221.00 322.00
221.00 322.00
221.00 322.00
221.00 322.00
221.00 322.00
221.00 322.00
222.00 321.00
222.00 321.00
222.00 321.00
222.00 321.00
222.00 321.00
222.00 321.00
222.00 320.00
222.00 320.00
222.00 320.00
222.00 320.00
223.00 320.00
223.00 319.00
223.00 319.00
223.00 319.00
223.00 319.00
223.00 319.00
223.00 318.00
223.00 318.00
223.00 318.00
224.00 318.00
224.00 318.00
224.00 317.00
224.00 317.00
224.00 317.00
224.00 317.00
224.00 316.00
224.00 316.00
225.00 316.00
225.00 316.00
225.00 316.00
225.00 315.00
225.00 315.00
225.00 315.00
225.00 315.00
226.00 314.00
226.00 314.00
226.00 314.00
226.00 314.00
226.00 313.00
226.00 313.00
226.00 313.00
227.00 313.00
227.00 312.00
227.00 312.00
227.00 312.00
227.00 311.00
227.00 311.00
227.00 311.00
228.00 311.00
228.00 310.00
228.00 310.00
228.00 310.00
228.00 309.00
228.00 309.00
229.00 309.00
229.00 309.00
229.00 308.00
229.00 308.00
229.00 308.00
229.00 309.00
228.00 309.00
228.00 309.00
228.00 310.00
228.00 310.00
228.00 310.00
228.00 311.00
228.00 311.00
227.00 311.00
227.00 311.00
227.00 312.00
227.00 312.00
227.00 312.00
227.00 313.00
226.00 313.00
226.00 313.00
226.00 313.00
226.00 314.00
226.00 314.00
226.00 314.00
226.00 315.00
225.00 315.00
225.00 315.00
225.00 315.00
225.00 316.00
225.00 316.00
225.00 316.00
225.00 316.00
224.00 317.00
224.00 317.00
224.00 317.00
224.00 317.00
224.00 318.00
224.00 318.00
224.00 318.00
223.00 318.00
223.00 319.00
223.00 319.00
223.00 319.00
223.00 319.00
223.00 319.00
223.00 320.00
223.00 320.00
222.00 320.00
222.00 320.00
222.00 321.00
222.00 321.00
222.00 321.00
222.00 321.00
222.00 321.00
222.00 322.00
222.00 322.00
221.00 322.00
221.00 322.00
221.00 322.00
221.00 323.00
221.00 323.00
221.00 323.00
221.00 323.00
221.00 323.00
221.00 323.00
221.00 324.00
220.00 324.00
220.00 324.00
220.00 324.00
220.00 324.00
220.00 324.00
220.00 325.00
220.00 325.00
220.00 325.00
220.00 325.00
220.00 325.00
220.00 325.00
219.00 326.00
219.00 326.00
219.00 326.00
219.00 326.00
219.00 326.00
219.00 326.00
219.00 326.00
219.00 326.00
219.00 327.00
219.00 327.00
219.00 327.00
219.00 327.00
219.00 327.00
219.00 327.00
219.00 327.00
218.00 327.00
218.00 327.00
218.00 328.00
218.00 328.00
218.00 328.00
218.00 328.00
218.00 328.00
218.00 328.00
218.00 328.00
218.00 328.00
218.00 328.00
218.00 328.00
218.00 328.00
218.00 329.00
218.00 329.00
218.00 329.00
218.00 329.00
218.00 329.00
218.00 329.00
218.00 329.00
218.00 329.00
217.00 329.00
217.00 329.00
217.00 329.00
217.00 329.00
217.00 329.00
217.00 329.00
217.00 329.00
217.00 329.00
217.00 329.00
217.00 329.00
217.00 329.00
217.00 330.00
217.00 330.00
217.00 330.00
217.00 330.00
217.00 330.00
217.00 330.00
217.00 330.00
217.00 330.00
217.00 330.00
217.00 330.00
217.00 330.00
217.00 330.00
217.00 330.00
217.00 330.00
217.00 330.00
217.00 330.00
217.00 330.00
217.00 330.00
217.00 330.00
217.00 330.00
217.00 330.00
217.00 330.00
217.00 330.00
217.00 330.00
217.00 330.00
217.00 329.00
217.00 329.00
217.00 329.00
217.00 329.00
217.00 329.00
217.00 329.00
217.00 329.00
217.00 329.00
217.00 329.00
218.00 329.00
218.00 329.00
218.00 329.00
218.00 329.00
218.00 329.00
218.00 329.00
218.00 329.00
218.00 329.00
218.00 329.00
218.00 329.00
218.00 328.00
218.00 328.00
218.00 328.00
218.00 328.00
218.00 328.00
218.00 328.00
218.00 328.00
218.00 328.00
218.00 328.00
218.00 328.00
218.00 328.00
218.00 327.00
219.00 327.00
219.00 327.00
219.00 327.00
219.00 327.00
219.00 327.00
219.00 327.00
219.00 327.00
219.00 327.00
219.00 326.00
219.00 326.00
219.00 326.00
219.00 326.00
219.00 326.00
219.00 326.00
220.00 326.00
220.00 325.00
220.00 325.00
220.00 325.00
220.00 325.00
220.00 325.00
220.00 325.00
220.00 325.00
220.00 324.00
220.00 324.00
220.00 324.00
221.00 324.00
221.00 324.00
221.00 324.00
221.00 323.00
221.00 323.00
221.00 323.00
221.00 324.00
220.00 324.00
220.00 325.00
219.00 326.00
219.00 326.00
219.00 327.00
218.00 328.00
218.00 328.00
218.00 329.00
217.00 330.00
217.00 330.00
217.00 331.00
216.00 332.00
216.00 332.00
215.00 333.00
215.00 333.00
215.00 334.00
214.00 335.00
214.00 335.00
214.00 336.00
213.00 336.00
213.00 337.00
213.00 338.00
212.00 338.00
212.00 339.00
212.00 339.00
211.00 340.00
211.00 340.00
211.00 341.00
210.00 342.00
210.00 342.00
210.00 343.00
209.00 343.00
209.00 344.00
209.00 344.00
208.00 345.00
208.00 345.00
208.00 346.00
208.00 346.00
207.00 347.00
207.00 347.00
207.00 348.00
206.00 348.00
206.00 349.00
206.00 349.00
205.00 350.00
205.00 350.00
205.00 351.00
205.00 351.00
204.00 352.00
204.00 352.00
204.00 352.00
203.00 353.00
203.00 353.00
203.00 354.00
203.00 354.00
202.00 355.00
202.00 355.00
202.00 355.00
201.00 356.00
201.00 356.00
201.00 357.00
201.00 357.00
200.00 357.00
200.00 358.00
200.00 358.00
200.00 359.00
199.00 359.00
199.00 359.00
199.00 360.00
199.00 360.00
198.00 360.00
198.00 361.00
198.00 361.00
198.00 361.00
198.00 362.00
197.00 362.00
197.00 362.00
197.00 363.00
197.00 363.00
196.00 363.00
196.00 364.00
196.00 364.00
196.00 364.00
196.00 365.00
195.00 365.00
195.00 365.00
195.00 366.00
195.00 366.00
195.00 366.00
194.00 366.00
194.00 367.00
194.00 367.00
195.00 366.00
195.00 365.00
196.00 364.00
196.00 363.00
197.00 362.00
198.00 362.00
198.00 361.00
199.00 360.00
200.00 359.00
200.00 358.00
201.00 357.00
201.00 356.00
202.00 355.00
203.00 354.00
203.00 353.00
204.00 352.00
205.00 351.00
205.00 349.00
206.00 348.00
207.00 347.00
207.00 346.00
208.00 345.00
209.00 344.00
210.00 343.00
210.00 342.00
211.00 340.00
212.00 339.00
212.00 338.00
213.00 337.00
214.00 336.00
214.00 334.00
215.00 333.00
216.00 332.00
217.00 331.00
217.00 329.00
218.00 328.00
218.00 328.00
218.00 328.00
218.00 328.00
218.00 328.00
218.00 329.00
218.00 329.00
218.00 329.00
217.00 329.00
217.00 329.00
217.00 329.00
217.00 329.00
217.00 329.00
217.00 329.00
217.00 329.00
217.00 329.00
217.00 330.00
217.00 330.00
217.00 330.00
217.00 330.00
217.00 330.00
217.00 330.00
217.00 330.00
217.00 330.00
217.00 330.00
217.00 330.00
217.00 330.00
217.00 330.00
217.00 330.00
217.00 330.00
217.00 330.00
217.00 330.00
216.00 330.00
216.00 331.00
216.00 331.00
216.00 331.00
216.00 331.00
216.00 331.00
216.00 331.00
216.00 331.00
216.00 331.00
216.00 331.00
216.00 331.00
216.00 331.00
216.00 331.00
216.00 331.00
216.00 331.00
216.00 331.00
216.00 331.00
216.00 331.00
216.00 331.00
216.00 331.00
216.00 331.00
216.00 331.00
216.00 331.00
216.00 331.00
216.00 331.00
216.00 331.00
216.00 331.00
216.00 331.00
216.00 331.00
216.00 331.00
216.00 331.00
216.00 330.00
216.00 330.00
216.00 330.00
216.00 330.00
217.00 330.00
217.00 330.00
217.00 330.00
217.00 330.00
217.00 330.00
217.00 330.00
217.00 330.00
217.00 330.00
217.00 330.00
217.00 330.00
217.00 330.00
217.00 330.00
217.00 330.00
217.00 330.00
217.00 329.00
217.00 329.00
217.00 329.00
217.00 329.00
217.00 329.00
217.00 329.00
217.00 329.00
217.00 329.00
217.00 329.00
217.00 329.00
218.00 328.00
218.00 328.00
218.00 328.00
218.00 328.00
218.00 328.00
218.00 328.00
218.00 328.00
218.00 328.00
218.00 328.00
218.00 327.00
218.00 327.00
218.00 327.00
218.00 327.00
218.00 327.00
218.00 327.00
219.00 327.00
219.00 326.00
219.00 326.00
219.00 326.00
219.00 326.00
219.00 326.00
219.00 326.00
219.00 326.00
219.00 325.00
219.00 325.00
219.00 325.00
220.00 325.00
220.00 325.00
220.00 325.00
220.00 324.00
220.00 324.00
220.00 324.00
220.00 324.00
220.00 324.00
220.00 323.00
220.00 323.00
221.00 323.00
221.00 323.00
221.00 323.00
221.00 322.00
221.00 322.00
221.00 322.00
221.00 322.00
221.00 322.00
221.00 321.00
222.00 321.00
222.00 321.00
222.00 321.00
222.00 321.00
222.00 320.00
222.00 320.00
222.00 320.00
222.00 320.00
223.00 319.00
223.00 319.00
223.00 319.00
223.00 319.00
223.00 318.00
223.00 318.00
223.00 318.00
223.00 318.00
224.00 317.00
224.00 317.00
224.00 317.00
224.00 317.00
224.00 316.00
224.00 316.00
224.00 316.00
225.00 316.00
225.00 315.00
225.00 315.00
225.00 315.00
225.00 314.00
225.00 314.00
226.00 314.00
226.00 314.00
226.00 313.00
226.00 313.00
226.00 313.00
226.00 314.00
225.00 314.00
225.00 314.00
225.00 315.00
225.00 315.00
225.00 315.00
225.00 316.00
224.00 316.00
224.00 316.00
224.00 317.00
224.00 317.00
224.00 317.00
223.00 318.00
223.00 318.00
223.00 318.00
223.00 319.00
223.00 319.00
223.00 319.00
222.00 319.00
222.00 320.00
222.00 320.00
222.00 320.00
222.00 321.00
222.00 321.00
221.00 321.00
221.00 321.00
221.00 322.00
221.00 322.00
221.00 322.00
221.00 323.00
221.00 323.00
220.00 323.00
220.00 323.00
220.00 324.00
220.00 324.00
220.00 324.00
220.00 324.00
220.00 325.00
219.00 325.00
219.00 325.00
219.00 325.00
219.00 326.00
219.00 326.00
219.00 326.00
219.00 326.00
218.00 326.00
218.00 327.00
218.00 327.00
218.00 327.00
218.00 327.00
218.00 328.00
218.00 328.00
218.00 328.00
217.00 328.00
217.00 328.00
217.00 329.00
217.00 329.00
217.00 329.00
217.00 329.00
217.00 329.00
217.00 330.00
217.00 330.00
216.00 330.00
216.00 330.00
216.00 330.00
216.00 330.00
216.00 331.00
216.00 331.00
216.00 331.00
216.00 331.00
216.00 331.00
216.00 331.00
215.00 332.00
215.00 332.00
215.00 332.00
215.00 332.00
215.00 332.00
215.00 332.00
215.00 332.00
215.00 333.00
215.00 333.00
215.00 333.00
215.00 333.00
215.00 333.00
214.00 333.00
214.00 333.00
214.00 333.00
214.00 334.00
214.00 334.00
214.00 334.00
214.00 334.00
214.00 334.00
214.00 334.00
214.00 334.00
214.00 334.00
214.00 334.00
214.00 335.00
214.00 335.00
214.00 335.00
214.00 335.00
213.00 335.00
213.00 335.00
213.00 335.00
213.00 335.00
213.00 335.00
213.00 335.00
213.00 335.00
213.00 335.00
213.00 335.00
213.00 336.00
213.00 336.00
213.00 336.00
213.00 336.00
213.00 336.00
213.00 336.00
213.00 336.00
213.00 336.00
213.00 336.00
213.00 336.00
213.00 336.00
213.00 336.00
213.00 336.00
213.00 336.00
213.00 336.00
213.00 336.00
213.00 336.00
213.00 336.00
213.00 336.00
213.00 336.00
213.00 336.00
213.00 336.00
213.00 336.00
213.00 336.00
213.00 336.00
213.00 336.00
213.00 336.00
213.00 336.00
