114.00 355.00
114.00 355.00
115.00 355.00
115.00 355.00
115.00 355.00
115.00 355.00
115.00 355.00
115.00 355.00
115.00 355.00
115.00 355.00
115.00 355.00
115.00 355.00
115.00 354.00
115.00 354.00
115.00 354.00
115.00 354.00
115.00 354.00
115.00 354.00
115.00 354.00
115.00 354.00
115.00 354.00
115.00 354.00
115.00 354.00
115.00 354.00
115.00 354.00
116.00 354.00
116.00 354.00
116.00 353.00
116.00 353.00
116.00 353.00
116.00 353.00
116.00 353.00
116.00 353.00
116.00 353.00
116.00 353.00
117.00 353.00
117.00 353.00
117.00 352.00
117.00 352.00
117.00 352.00
117.00 352.00
117.00 352.00
117.00 352.00
118.00 352.00
118.00 352.00
118.00 351.00
118.00 351.00
118.00 351.00
118.00 351.00
118.00 351.00
119.00 351.00
119.00 350.00
119.00 350.00
119.00 350.00
119.00 350.00
119.00 350.00
120.00 350.00
120.00 349.00
120.00 349.00
120.00 349.00
120.00 349.00
121.00 349.00
121.00 349.00
121.00 348.00
121.00 348.00
121.00 348.00
122.00 348.00
122.00 348.00
122.00 347.00
122.00 347.00
123.00 347.00
123.00 347.00
123.00 346.00
123.00 346.00
124.00 346.00
124.00 346.00
124.00 346.00
124.00 345.00
125.00 345.00
125.00 345.00
125.00 345.00
125.00 344.00
126.00 344.00
126.00 344.00
126.00 344.00
126.00 343.00
127.00 343.00
127.00 343.00
127.00 342.00
128.00 342.00
128.00 342.00
128.00 342.00
129.00 341.00
129.00 341.00
129.00 341.00
130.00 340.00
130.00 340.00
130.00 340.00
131.00 340.00
131.00 339.00
131.00 339.00
132.00 339.00
132.00 338.00
132.00 338.00
133.00 338.00
133.00 337.00
134.00 337.00
134.00 337.00
134.00 336.00
135.00 336.00
135.00 336.00
136.00 335.00
136.00 335.00
136.00 335.00
137.00 334.00
137.00 334.00
138.00 333.00
138.00 333.00
139.00 333.00
139.00 332.00
140.00 332.00
140.00 332.00
140.00 331.00
141.00 331.00
141.00 330.00
142.00 330.00
142.00 330.00
143.00 329.00
143.00 329.00
144.00 328.00
144.00 328.00
145.00 328.00
145.00 327.00
146.00 327.00
146.00 326.00
147.00 326.00
148.00 325.00
148.00 325.00
149.00 325.00
149.00 324.00
150.00 324.00
150.00 323.00
151.00 323.00
151.00 322.00
152.00 322.00
153.00 321.00
153.00 321.00
154.00 320.00
154.00 320.00
155.00 319.00
156.00 319.00
156.00 318.00
157.00 318.00
157.00 318.00
156.00 319.00
156.00 319.00
156.00 319.00
155.00 319.00
155.00 320.00
155.00 320.00
154.00 320.00
154.00 320.00
154.00 320.00
153.00 321.00
153.00 321.00
153.00 321.00
153.00 321.00
152.00 322.00
152.00 322.00
152.00 322.00
151.00 322.00
151.00 323.00
151.00 323.00
151.00 323.00
150.00 323.00
150.00 323.00
150.00 324.00
150.00 324.00
149.00 324.00
149.00 324.00
149.00 324.00
149.00 325.00
148.00 325.00
148.00 325.00
148.00 325.00
148.00 325.00
147.00 325.00
147.00 326.00
147.00 326.00
147.00 326.00
146.00 326.00
146.00 326.00
146.00 327.00
146.00 327.00
146.00 327.00
145.00 327.00
145.00 327.00
145.00 327.00
145.00 327.00
145.00 328.00
145.00 328.00
144.00 328.00
144.00 328.00
144.00 328.00
144.00 328.00
144.00 328.00
144.00 329.00
143.00 329.00
143.00 329.00
143.00 329.00
143.00 329.00
143.00 329.00
143.00 329.00
143.00 329.00
142.00 329.00
142.00 330.00
142.00 330.00
142.00 330.00
142.00 330.00
142.00 330.00
142.00 330.00
142.00 330.00
142.00 330.00
141.00 330.00
141.00 330.00
141.00 331.00
141.00 331.00
141.00 331.00
141.00 331.00
141.00 331.00
141.00 331.00
141.00 331.00
141.00 331.00
141.00 331.00
140.00 331.00
140.00 331.00
140.00 331.00
140.00 331.00
140.00 331.00
140.00 331.00
140.00 331.00
140.00 331.00
140.00 332.00
140.00 332.00
140.00 332.00
140.00 332.00
140.00 332.00
140.00 332.00
140.00 332.00
140.00 332.00
140.00 332.00
140.00 332.00
140.00 332.00
140.00 332.00
140.00 332.00
140.00 332.00
140.00 332.00
140.00 332.00
140.00 332.00
140.00 332.00
140.00 332.00
140.00 332.00
140.00 332.00
140.00 332.00
140.00 332.00
140.00 332.00
140.00 332.00
140.00 332.00
140.00 332.00
140.00 332.00
140.00 332.00
140.00 332.00
140.00 332.00
140.00 332.00
140.00 331.00
140.00 331.00
140.00 331.00
140.00 331.00
140.00 331.00
141.00 331.00
141.00 331.00
141.00 331.00
141.00 331.00
141.00 331.00
141.00 331.00
141.00 331.00
141.00 331.00
141.00 331.00
141.00 331.00
141.00 331.00
141.00 331.00
142.00 330.00
142.00 330.00
142.00 330.00
142.00 330.00
142.00 330.00
142.00 330.00
142.00 330.00
142.00 330.00
143.00 330.00
143.00 330.00
143.00 329.00
143.00 329.00
143.00 329.00
143.00 329.00
143.00 329.00
144.00 329.00
144.00 329.00
144.00 329.00
144.00 329.00
144.00 328.00
144.00 328.00
145.00 328.00
145.00 328.00
145.00 328.00
145.00 328.00
145.00 328.00
145.00 327.00
146.00 327.00
146.00 327.00
146.00 327.00
146.00 327.00
146.00 327.00
147.00 327.00
147.00 326.00
147.00 326.00
147.00 326.00
148.00 326.00
148.00 326.00
148.00 325.00
148.00 325.00
148.00 325.00
149.00 325.00
149.00 325.00
149.00 325.00
149.00 324.00
150.00 324.00
150.00 324.00
150.00 324.00
151.00 324.00
151.00 323.00
151.00 323.00
151.00 323.00
152.00 323.00
152.00 323.00
152.00 322.00
152.00 322.00
153.00 322.00
153.00 322.00
153.00 321.00
154.00 321.00
154.00 321.00
154.00 321.00
155.00 320.00
155.00 320.00
155.00 320.00
156.00 320.00
156.00 320.00
156.00 319.00
157.00 319.00
157.00 319.00
157.00 319.00
158.00 318.00
158.00 318.00
157.00 318.00
157.00 319.00
156.00 319.00
156.00 320.00
155.00 320.00
155.00 321.00
154.00 321.00
153.00 321.00
153.00 322.00
152.00 322.00
152.00 323.00
151.00 323.00
151.00 323.00
150.00 324.00
150.00 324.00
149.00 325.00
149.00 325.00
148.00 325.00
148.00 326.00
147.00 326.00
147.00 327.00
146.00 327.00
146.00 327.00
145.00 328.00
145.00 328.00
144.00 328.00
144.00 329.00
143.00 329.00
143.00 330.00
143.00 330.00
142.00 330.00
142.00 331.00
141.00 331.00
141.00 331.00
140.00 332.00
140.00 332.00
140.00 332.00
139.00 333.00
139.00 333.00
138.00 333.00
138.00 334.00
138.00 334.00
137.00 334.00
137.00 334.00
137.00 335.00
136.00 335.00
136.00 335.00
136.00 336.00
135.00 336.00
135.00 336.00
134.00 336.00
134.00 337.00
134.00 337.00
133.00 337.00
133.00 338.00
133.00 338.00
133.00 338.00
132.00 338.00
132.00 339.00
132.00 339.00
131.00 339.00
131.00 339.00
131.00 340.00
130.00 340.00
130.00 340.00
130.00 340.00
130.00 341.00
129.00 341.00
129.00 341.00
129.00 341.00
129.00 342.00
128.00 342.00
128.00 342.00
128.00 342.00
128.00 342.00
127.00 343.00
127.00 343.00
127.00 343.00
127.00 343.00
126.00 343.00
126.00 344.00
126.00 344.00
126.00 344.00
126.00 344.00
125.00 344.00
125.00 345.00
125.00 345.00
125.00 345.00
125.00 345.00
124.00 345.00
124.00 345.00
124.00 346.00
124.00 346.00
124.00 346.00
123.00 346.00
123.00 346.00
123.00 346.00
123.00 346.00
123.00 347.00
123.00 347.00
123.00 347.00
122.00 347.00
122.00 347.00
122.00 347.00
122.00 347.00
122.00 347.00
122.00 348.00
122.00 348.00
121.00 348.00
121.00 348.00
121.00 348.00
121.00 348.00
121.00 348.00
121.00 348.00
121.00 348.00
121.00 348.00
121.00 349.00
120.00 349.00
120.00 349.00
120.00 349.00
120.00 349.00
120.00 349.00
120.00 349.00
120.00 349.00
120.00 349.00
120.00 349.00
120.00 349.00
120.00 349.00
120.00 349.00
120.00 349.00
120.00 350.00
119.00 350.00
119.00 350.00
119.00 350.00
119.00 350.00
119.00 350.00
119.00 350.00
119.00 350.00
119.00 350.00
119.00 350.00
119.00 350.00
119.00 350.00
119.00 350.00
119.00 350.00
119.00 350.00
119.00 350.00
119.00 350.00
119.00 350.00
119.00 350.00
119.00 350.00
119.00 350.00
119.00 350.00
119.00 350.00
119.00 350.00
119.00 350.00
119.00 350.00
119.00 350.00
119.00 350.00
119.00 350.00
119.00 350.00
119.00 350.00
119.00 350.00
119.00 350.00
119.00 350.00
119.00 349.00
120.00 349.00
120.00 349.00
120.00 349.00
120.00 349.00
120.00 349.00
120.00 349.00
120.00 349.00
120.00 349.00
186.00 298.00
186.00 298.00
186.00 298.00
186.00 298.00
186.00 298.00
186.00 298.00
186.00 298.00
186.00 298.00
186.00 298.00
187.00 298.00
187.00 298.00
187.00 298.00
187.00 298.00
187.00 298.00
187.00 298.00
187.00 298.00
187.00 298.00
187.00 297.00
187.00 297.00
188.00 297.00
188.00 297.00
188.00 297.00
188.00 297.00
188.00 297.00
187.00 298.00
186.00 299.00
184.00 299.00
183.00 300.00
182.00 301.00
181.00 302.00
180.00 302.00
179.00 303.00
178.00 304.00
177.00 305.00
176.00 306.00
174.00 306.00
173.00 307.00
172.00 308.00
171.00 309.00
170.00 309.00
169.00 310.00
168.00 311.00
167.00 311.00
166.00 312.00
165.00 313.00
164.00 314.00
163.00 314.00
162.00 315.00
161.00 316.00
160.00 316.00
160.00 317.00
159.00 318.00
158.00 318.00
157.00 319.00
156.00 320.00
155.00 320.00
154.00 321.00
153.00 322.00
152.00 322.00
152.00 323.00
151.00 324.00
150.00 324.00
149.00 325.00
148.00 326.00
148.00 326.00
147.00 327.00
146.00 328.00
145.00 328.00
145.00 329.00
144.00 329.00
143.00 330.00
142.00 331.00
142.00 331.00
141.00 332.00
140.00 332.00
139.00 333.00
139.00 333.00
138.00 334.00
137.00 335.00
137.00 335.00
136.00 336.00
135.00 336.00
135.00 337.00
134.00 337.00
134.00 338.00
133.00 338.00
132.00 339.00
132.00 339.00
131.00 340.00
130.00 340.00
130.00 341.00
129.00 341.00
129.00 342.00
128.00 342.00
128.00 343.00
127.00 343.00
127.00 344.00
126.00 344.00
125.00 345.00
125.00 345.00
124.00 346.00
124.00 346.00
123.00 347.00
123.00 347.00
122.00 348.00
122.00 348.00
121.00 349.00
121.00 349.00
121.00 349.00
120.00 350.00
120.00 350.00
119.00 351.00
119.00 351.00
118.00 351.00
118.00 352.00
117.00 352.00
117.00 353.00
117.00 353.00
116.00 353.00
116.00 354.00
115.00 354.00
115.00 355.00
115.00 355.00
114.00 355.00
114.00 356.00
113.00 356.00
113.00 356.00
113.00 357.00
112.00 357.00
112.00 357.00
112.00 358.00
111.00 358.00
111.00 358.00
111.00 359.00
110.00 359.00
110.00 359.00
110.00 360.00
109.00 360.00
109.00 360.00
109.00 361.00
108.00 361.00
108.00 361.00
108.00 362.00
108.00 362.00
107.00 362.00
107.00 362.00
107.00 363.00
106.00 363.00
106.00 363.00
106.00 364.00
106.00 364.00
105.00 364.00
105.00 364.00
105.00 365.00
105.00 365.00
104.00 365.00
104.00 365.00
104.00 366.00
104.00 366.00
104.00 366.00
103.00 366.00
103.00 366.00
103.00 367.00
103.00 367.00
102.00 367.00
102.00 367.00
102.00 368.00
102.00 368.00
102.00 368.00
101.00 368.00
101.00 368.00
101.00 368.00
101.00 369.00
101.00 369.00
101.00 369.00
100.00 369.00
100.00 369.00
100.00 370.00
100.00 370.00
100.00 370.00
100.00 370.00
99.00 370.00
99.00 370.00
99.00 371.00
99.00 371.00
99.00 371.00
99.00 371.00
99.00 371.00
99.00 371.00
98.00 371.00
98.00 371.00
98.00 372.00
98.00 372.00
98.00 372.00
98.00 372.00
98.00 372.00
98.00 372.00
98.00 372.00
97.00 372.00
97.00 372.00
97.00 373.00
97.00 373.00
97.00 373.00
97.00 373.00
97.00 373.00
97.00 373.00
97.00 373.00
97.00 373.00
97.00 373.00
97.00 373.00
97.00 373.00
96.00 373.00
96.00 373.00
96.00 374.00
96.00 374.00
96.00 374.00
96.00 374.00
96.00 374.00
96.00 374.00
96.00 374.00
96.00 374.00
96.00 374.00
96.00 374.00
96.00 374.00
96.00 374.00
96.00 374.00
96.00 374.00
96.00 374.00
96.00 374.00
96.00 374.00
96.00 374.00
96.00 374.00
96.00 374.00
96.00 374.00
96.00 374.00
96.00 374.00
96.00 374.00
96.00 374.00
96.00 374.00
96.00 374.00
96.00 374.00
96.00 374.00
96.00 374.00
96.00 374.00
96.00 374.00
96.00 374.00
96.00 374.00
96.00 374.00
96.00 374.00
96.00 373.00
97.00 373.00
97.00 373.00
97.00 373.00
97.00 373.00
97.00 373.00
97.00 373.00
97.00 373.00
97.00 373.00
97.00 373.00
97.00 373.00
97.00 373.00
97.00 373.00
97.00 373.00
98.00 372.00
98.00 372.00
98.00 372.00
98.00 372.00
98.00 372.00
98.00 372.00
98.00 372.00
98.00 372.00
98.00 372.00
98.00 371.00
99.00 371.00
99.00 371.00
99.00 371.00
99.00 371.00
99.00 371.00
99.00 371.00
99.00 370.00
100.00 370.00
100.00 370.00
100.00 370.00
100.00 370.00
100.00 370.00
100.00 369.00
101.00 369.00
101.00 369.00
101.00 369.00
101.00 369.00
101.00 369.00
101.00 368.00
102.00 368.00
102.00 368.00
102.00 368.00
102.00 368.00
102.00 367.00
103.00 367.00
103.00 367.00
103.00 367.00
103.00 366.00
103.00 366.00
104.00 366.00
104.00 366.00
104.00 366.00
104.00 365.00
105.00 365.00
105.00 365.00
105.00 365.00
105.00 364.00
106.00 364.00
106.00 364.00
106.00 364.00
106.00 363.00
107.00 363.00
107.00 363.00
107.00 362.00
108.00 362.00
108.00 362.00
108.00 362.00
108.00 361.00
109.00 361.00
109.00 361.00
109.00 360.00
110.00 360.00
110.00 360.00
110.00 360.00
111.00 359.00
111.00 359.00
111.00 359.00
112.00 358.00
112.00 358.00
112.00 358.00
113.00 357.00
113.00 357.00
113.00 356.00
114.00 356.00
114.00 356.00
115.00 355.00
115.00 355.00
115.00 355.00
116.00 354.00
116.00 354.00
117.00 354.00
117.00 353.00
117.00 353.00
118.00 352.00
118.00 352.00
119.00 352.00
119.00 351.00
120.00 351.00
120.00 350.00
120.00 350.00
121.00 349.00
121.00 349.00
122.00 349.00
122.00 348.00
123.00 348.00
123.00 347.00
124.00 347.00
124.00 346.00
125.00 346.00
125.00 345.00
126.00 345.00
126.00 345.00
127.00 344.00
128.00 344.00
128.00 343.00
129.00 343.00
129.00 342.00
130.00 342.00
130.00 341.00
131.00 341.00
132.00 340.00
132.00 340.00
133.00 339.00
133.00 339.00
134.00 338.00
134.00 338.00
133.00 339.00
133.00 339.00
132.00 339.00
132.00 340.00
132.00 340.00
131.00 340.00
131.00 340.00
131.00 341.00
130.00 341.00
130.00 341.00
130.00 342.00
129.00 342.00
129.00 342.00
129.00 342.00
128.00 343.00
128.00 343.00
128.00 343.00
127.00 344.00
127.00 344.00
127.00 344.00
126.00 344.00
126.00 345.00
126.00 345.00
126.00 345.00
125.00 345.00
125.00 346.00
125.00 346.00
125.00 346.00
124.00 346.00
124.00 346.00
124.00 347.00
124.00 347.00
123.00 347.00
123.00 347.00
123.00 348.00
123.00 348.00
122.00 348.00
122.00 348.00
122.00 348.00
122.00 349.00
121.00 349.00
121.00 349.00
121.00 349.00
121.00 349.00
121.00 350.00
120.00 350.00
120.00 350.00
120.00 350.00
120.00 350.00
120.00 350.00
119.00 351.00
119.00 351.00
119.00 351.00
119.00 351.00
119.00 351.00
119.00 351.00
118.00 351.00
118.00 352.00
118.00 352.00
118.00 352.00
118.00 352.00
118.00 352.00
118.00 352.00
117.00 352.00
117.00 352.00
117.00 353.00
117.00 353.00
117.00 353.00
117.00 353.00
117.00 353.00
117.00 353.00
116.00 353.00
116.00 353.00
116.00 353.00
116.00 353.00
116.00 354.00
116.00 354.00
116.00 354.00
116.00 354.00
116.00 354.00
116.00 354.00
115.00 354.00
115.00 354.00
115.00 354.00
115.00 354.00
115.00 354.00
115.00 354.00
115.00 354.00
115.00 354.00
115.00 354.00
115.00 355.00
115.00 355.00
115.00 355.00
115.00 355.00
115.00 355.00
115.00 355.00
115.00 355.00
115.00 355.00
115.00 355.00
115.00 355.00
115.00 355.00
115.00 355.00
115.00 355.00
115.00 355.00
114.00 355.00
114.00 355.00
114.00 355.00
114.00 355.00
