113.00 372.00
113.00 372.00
113.00 372.00
113.00 372.00
113.00 372.00
113.00 372.00
113.00 372.00
113.00 372.00
113.00 372.00
113.00 372.00
113.00 372.00
113.00 372.00
113.00 372.00
113.00 372.00
113.00 372.00
113.00 372.00
113.00 372.00
113.00 371.00
113.00 371.00
113.00 371.00
113.00 371.00
113.00 371.00
113.00 371.00
113.00 371.00
113.00 371.00
113.00 371.00
113.00 371.00
114.00 371.00
114.00 371.00
114.00 371.00
114.00 371.00
114.00 371.00
114.00 370.00
114.00 370.00
114.00 370.00
114.00 370.00
114.00 370.00
114.00 370.00
115.00 370.00
115.00 370.00
115.00 370.00
115.00 369.00
115.00 369.00
115.00 369.00
115.00 369.00
115.00 369.00
116.00 369.00
116.00 369.00
116.00 369.00
116.00 368.00
116.00 368.00
116.00 368.00
116.00 368.00
117.00 368.00
117.00 368.00
117.00 367.00
117.00 367.00
117.00 367.00
117.00 367.00
118.00 367.00
118.00 367.00
118.00 366.00
118.00 366.00
118.00 366.00
119.00 366.00
119.00 366.00
119.00 365.00
119.00 365.00
119.00 365.00
120.00 365.00
120.00 365.00
120.00 364.00
120.00 364.00
120.00 364.00
121.00 364.00
121.00 363.00
121.00 363.00
121.00 363.00
122.00 363.00
122.00 362.00
122.00 362.00
122.00 362.00
123.00 362.00
123.00 361.00
123.00 361.00
124.00 361.00
124.00 361.00
124.00 360.00
124.00 360.00
125.00 360.00
125.00 359.00
125.00 359.00
126.00 359.00
126.00 359.00
126.00 358.00
126.00 358.00
127.00 358.00
127.00 357.00
127.00 357.00
128.00 357.00
128.00 356.00
128.00 356.00
129.00 356.00
129.00 355.00
130.00 355.00
130.00 355.00
130.00 354.00
131.00 354.00
131.00 354.00
131.00 353.00
132.00 353.00
132.00 353.00
133.00 352.00
133.00 352.00
133.00 351.00
134.00 351.00
134.00 351.00
135.00 350.00
135.00 350.00
135.00 349.00
136.00 349.00
136.00 349.00
137.00 348.00
137.00 348.00
138.00 347.00
138.00 347.00
139.00 347.00
139.00 346.00
140.00 346.00
140.00 345.00
141.00 345.00
141.00 344.00
142.00 344.00
142.00 343.00
143.00 343.00
143.00 343.00
144.00 342.00
144.00 342.00
145.00 341.00
145.00 341.00
146.00 340.00
146.00 340.00
147.00 339.00
147.00 339.00
148.00 338.00
149.00 338.00
149.00 337.00
150.00 337.00
150.00 336.00
151.00 336.00
152.00 335.00
152.00 334.00
153.00 334.00
153.00 333.00
154.00 333.00
155.00 332.00
155.00 332.00
156.00 331.00
157.00 331.00
157.00 330.00
158.00 329.00
159.00 329.00
159.00 328.00
160.00 328.00
161.00 327.00
161.00 326.00
162.00 326.00
163.00 325.00
164.00 325.00
164.00 324.00
165.00 323.00
166.00 323.00
167.00 322.00
167.00 322.00
168.00 321.00
169.00 320.00
170.00 320.00
170.00 319.00
171.00 318.00
172.00 318.00
173.00 317.00
174.00 316.00
175.00 316.00
175.00 315.00
176.00 314.00
177.00 314.00
178.00 313.00
179.00 312.00
180.00 311.00
181.00 311.00
181.00 310.00
182.00 309.00
183.00 309.00
184.00 308.00
185.00 307.00
186.00 306.00
187.00 306.00
188.00 305.00
189.00 304.00
190.00 304.00
191.00 303.00
192.00 302.00
193.00 301.00
194.00 301.00
195.00 300.00
195.00 299.00
196.00 298.00
197.00 297.00
199.00 297.00
200.00 296.00
201.00 295.00
202.00 294.00
203.00 294.00
204.00 293.00
205.00 292.00
206.00 291.00
207.00 290.00
208.00 290.00
209.00 289.00
210.00 288.00
210.00 288.00
210.00 288.00
210.00 288.00
210.00 288.00
210.00 288.00
210.00 288.00
210.00 288.00
210.00 288.00
209.00 289.00
209.00 289.00
209.00 289.00
209.00 289.00
209.00 289.00
209.00 289.00
209.00 289.00
209.00 289.00
209.00 289.00
209.00 289.00
209.00 289.00
209.00 289.00
209.00 289.00
209.00 289.00
209.00 289.00
209.00 289.00
209.00 289.00
209.00 289.00
209.00 289.00
209.00 289.00
209.00 289.00
209.00 289.00
209.00 289.00
209.00 289.00
209.00 289.00
209.00 289.00
209.00 289.00
209.00 289.00
209.00 290.00
209.00 290.00
209.00 290.00
209.00 290.00
209.00 290.00
209.00 290.00
209.00 290.00
209.00 290.00
209.00 290.00
209.00 290.00
209.00 290.00
209.00 290.00
209.00 290.00
209.00 290.00
209.00 290.00
209.00 290.00
209.00 290.00
209.00 290.00
209.00 290.00
209.00 290.00
209.00 290.00
209.00 290.00
209.00 290.00
209.00 290.00
209.00 290.00
209.00 290.00
209.00 290.00
209.00 290.00
209.00 290.00
209.00 289.00
209.00 289.00
209.00 289.00
209.00 289.00
209.00 289.00
209.00 289.00
209.00 289.00
209.00 289.00
209.00 289.00
210.00 289.00
210.00 289.00
210.00 289.00
210.00 289.00
210.00 289.00
210.00 289.00
210.00 289.00
210.00 289.00
210.00 289.00
209.00 290.00
208.00 290.00
207.00 291.00
206.00 292.00
205.00 293.00
204.00 293.00
203.00 294.00
203.00 295.00
202.00 296.00
201.00 296.00
200.00 297.00
199.00 298.00
198.00 298.00
197.00 299.00
196.00 300.00
195.00 300.00
195.00 301.00
194.00 302.00
193.00 303.00
192.00 303.00
191.00 304.00
190.00 305.00
190.00 305.00
189.00 306.00
188.00 307.00
187.00 307.00
186.00 308.00
185.00 309.00
185.00 309.00
184.00 310.00
183.00 310.00
182.00 311.00
182.00 312.00
181.00 312.00
180.00 313.00
180.00 313.00
180.00 313.00
181.00 312.00
181.00 312.00
181.00 312.00
181.00 312.00
182.00 312.00
182.00 312.00
182.00 311.00
182.00 311.00
182.00 311.00
183.00 311.00
183.00 311.00
183.00 310.00
183.00 310.00
184.00 310.00
184.00 310.00
184.00 310.00
184.00 309.00
185.00 309.00
185.00 309.00
185.00 309.00
185.00 308.00
186.00 308.00
186.00 308.00
186.00 308.00
187.00 308.00
187.00 307.00
187.00 307.00
187.00 307.00
188.00 307.00
188.00 306.00
188.00 306.00
189.00 306.00
189.00 306.00
189.00 305.00
190.00 305.00
190.00 305.00
190.00 305.00
190.00 304.00
191.00 304.00
191.00 304.00
191.00 304.00
192.00 303.00
192.00 303.00
192.00 303.00
193.00 303.00
193.00 302.00
193.00 302.00
194.00 302.00
194.00 302.00
194.00 301.00
195.00 301.00
195.00 301.00
196.00 300.00
196.00 300.00
196.00 300.00
197.00 300.00
197.00 299.00
197.00 299.00
198.00 299.00
198.00 298.00
198.00 298.00
199.00 298.00
199.00 297.00
200.00 297.00
200.00 297.00
200.00 297.00
201.00 296.00
201.00 296.00
202.00 296.00
202.00 295.00
202.00 295.00
203.00 295.00
203.00 294.00
204.00 294.00
204.00 294.00
204.00 293.00
205.00 293.00
205.00 293.00
206.00 292.00
206.00 292.00
206.00 292.00
207.00 291.00
207.00 291.00
208.00 291.00
208.00 290.00
209.00 290.00
209.00 290.00
210.00 289.00
210.00 289.00
210.00 289.00
210.00 289.00
210.00 289.00
209.00 289.00
209.00 290.00
209.00 290.00
209.00 290.00
209.00 290.00
209.00 290.00
209.00 290.00
208.00 290.00
208.00 290.00
208.00 290.00
208.00 290.00
208.00 291.00
208.00 291.00
208.00 291.00
208.00 291.00
207.00 291.00
207.00 291.00
207.00 291.00
207.00 291.00
207.00 291.00
207.00 291.00
207.00 291.00
207.00 291.00
207.00 292.00
206.00 292.00
206.00 292.00
206.00 292.00
206.00 292.00
206.00 292.00
206.00 292.00
206.00 292.00
206.00 292.00
206.00 292.00
206.00 292.00
205.00 292.00
205.00 292.00
205.00 292.00
205.00 293.00
205.00 293.00
205.00 293.00
205.00 293.00
205.00 293.00
205.00 293.00
205.00 293.00
205.00 293.00
205.00 293.00
205.00 293.00
205.00 293.00
204.00 293.00
204.00 293.00
204.00 293.00
204.00 293.00
204.00 293.00
204.00 293.00
204.00 293.00
204.00 293.00
204.00 293.00
204.00 293.00
204.00 293.00
204.00 294.00
204.00 294.00
204.00 294.00
204.00 294.00
204.00 294.00
204.00 294.00
204.00 294.00
204.00 294.00
204.00 294.00
204.00 294.00
204.00 294.00
204.00 294.00
204.00 294.00
204.00 294.00
204.00 294.00
204.00 294.00
204.00 294.00
204.00 294.00
204.00 294.00
204.00 294.00
204.00 294.00
204.00 294.00
204.00 294.00
204.00 294.00
204.00 294.00
204.00 294.00
204.00 294.00
204.00 294.00
204.00 294.00
204.00 294.00
204.00 294.00
204.00 294.00
204.00 294.00
204.00 294.00
204.00 294.00
204.00 294.00
204.00 294.00
204.00 294.00
204.00 294.00
204.00 294.00
204.00 294.00
204.00 294.00
204.00 293.00
204.00 293.00
204.00 293.00
204.00 293.00
204.00 293.00
204.00 293.00
204.00 293.00
204.00 293.00
204.00 293.00
204.00 293.00
204.00 293.00
204.00 293.00
204.00 293.00
205.00 293.00
205.00 293.00
205.00 293.00
205.00 293.00
205.00 293.00
205.00 293.00
205.00 293.00
205.00 293.00
205.00 293.00
205.00 293.00
205.00 292.00
205.00 292.00
205.00 292.00
205.00 292.00
206.00 292.00
206.00 292.00
206.00 292.00
206.00 292.00
206.00 292.00
206.00 292.00
206.00 292.00
206.00 292.00
206.00 292.00
206.00 292.00
206.00 291.00
207.00 291.00
207.00 291.00
207.00 291.00
207.00 291.00
207.00 291.00
207.00 291.00
207.00 291.00
207.00 291.00
207.00 291.00
208.00 291.00
208.00 291.00
208.00 290.00
208.00 290.00
208.00 290.00
208.00 290.00
208.00 290.00
209.00 290.00
209.00 290.00
209.00 290.00
209.00 290.00
209.00 290.00
209.00 289.00
209.00 289.00
209.00 289.00
210.00 289.00
210.00 289.00
210.00 289.00
210.00 289.00
210.00 289.00
210.00 288.00
211.00 288.00
211.00 288.00
211.00 288.00
211.00 288.00
211.00 288.00
211.00 288.00
212.00 288.00
212.00 288.00
212.00 287.00
212.00 287.00
212.00 287.00
212.00 287.00
213.00 287.00
213.00 287.00
213.00 287.00
213.00 286.00
213.00 286.00
213.00 286.00
214.00 286.00
214.00 286.00
214.00 286.00
214.00 286.00
214.00 285.00
215.00 285.00
215.00 285.00
215.00 285.00
215.00 285.00
214.00 285.00
214.00 286.00
214.00 286.00
214.00 286.00
213.00 286.00
213.00 287.00
213.00 287.00
212.00 287.00
212.00 287.00
212.00 287.00
212.00 288.00
211.00 288.00
211.00 288.00
211.00 288.00
211.00 288.00
210.00 289.00
210.00 289.00
210.00 289.00
209.00 289.00
209.00 289.00
209.00 290.00
209.00 290.00
208.00 290.00
208.00 290.00
208.00 290.00
208.00 291.00
207.00 291.00
207.00 291.00
207.00 291.00
207.00 291.00
207.00 291.00
206.00 292.00
206.00 292.00
206.00 292.00
206.00 292.00
205.00 292.00
205.00 293.00
205.00 293.00
205.00 293.00
204.00 293.00
204.00 293.00
204.00 293.00
204.00 294.00
204.00 294.00
203.00 294.00
203.00 294.00
203.00 294.00
203.00 294.00
203.00 294.00
202.00 295.00
202.00 295.00
202.00 295.00
202.00 295.00
202.00 295.00
201.00 295.00
201.00 296.00
201.00 296.00
201.00 296.00
201.00 296.00
201.00 296.00
200.00 296.00
200.00 296.00
200.00 297.00
200.00 297.00
200.00 297.00
200.00 297.00
199.00 297.00
199.00 297.00
199.00 297.00
199.00 297.00
199.00 298.00
199.00 298.00
198.00 298.00
198.00 298.00
198.00 298.00
198.00 298.00
198.00 298.00
198.00 298.00
198.00 298.00
197.00 299.00
197.00 299.00
197.00 299.00
197.00 299.00
197.00 299.00
197.00 299.00
197.00 299.00
197.00 299.00
196.00 299.00
196.00 299.00
196.00 300.00
196.00 300.00
196.00 300.00
196.00 300.00
196.00 300.00
196.00 300.00
196.00 300.00
195.00 300.00
195.00 300.00
195.00 300.00
195.00 300.00
195.00 300.00
195.00 301.00
195.00 301.00
195.00 301.00
195.00 301.00
195.00 301.00
195.00 301.00
194.00 301.00
194.00 301.00
194.00 301.00
194.00 301.00
194.00 301.00
194.00 301.00
194.00 301.00
194.00 301.00
194.00 301.00
194.00 301.00
194.00 301.00
194.00 302.00
194.00 302.00
194.00 302.00
194.00 302.00
194.00 302.00
194.00 302.00
193.00 302.00
193.00 302.00
193.00 302.00
193.00 302.00
193.00 302.00
193.00 302.00
193.00 302.00
193.00 302.00
193.00 302.00
193.00 302.00
193.00 302.00
193.00 302.00
193.00 302.00
193.00 302.00
193.00 302.00
193.00 302.00
193.00 302.00
193.00 302.00
193.00 302.00
193.00 302.00
193.00 302.00
193.00 302.00
193.00 302.00
193.00 302.00
193.00 302.00
193.00 302.00
193.00 302.00
193.00 302.00
193.00 302.00
193.00 302.00
193.00 302.00
193.00 302.00
193.00 302.00
193.00 302.00
193.00 302.00
193.00 302.00
193.00 302.00
193.00 302.00
194.00 302.00
194.00 302.00
194.00 302.00
194.00 302.00
194.00 302.00
194.00 302.00
194.00 302.00
194.00 302.00
194.00 302.00
194.00 302.00
194.00 301.00
194.00 301.00
194.00 301.00
194.00 301.00
194.00 301.00
194.00 301.00
194.00 301.00
195.00 301.00
195.00 301.00
195.00 301.00
195.00 301.00
195.00 301.00
195.00 301.00
195.00 301.00
195.00 301.00
195.00 301.00
195.00 301.00
195.00 300.00
195.00 300.00
196.00 300.00
196.00 300.00
196.00 300.00
196.00 300.00
196.00 300.00
195.00 301.00
194.00 302.00
193.00 302.00
192.00 303.00
191.00 304.00
190.00 304.00
189.00 305.00
188.00 306.00
187.00 307.00
186.00 307.00
185.00 308.00
185.00 309.00
184.00 310.00
183.00 310.00
182.00 311.00
181.00 312.00
180.00 312.00
179.00 313.00
178.00 314.00
178.00 314.00
177.00 315.00
176.00 316.00
175.00 316.00
174.00 317.00
173.00 318.00
173.00 318.00
172.00 319.00
171.00 320.00
170.00 320.00
169.00 321.00
169.00 322.00
168.00 322.00
167.00 323.00
166.00 324.00
165.00 324.00
165.00 325.00
164.00 325.00
163.00 326.00
163.00 327.00
162.00 327.00
161.00 328.00
160.00 328.00
160.00 329.00
159.00 330.00
158.00 330.00
158.00 331.00
157.00 331.00
156.00 332.00
156.00 332.00
155.00 333.00
154.00 334.00
154.00 334.00
153.00 335.00
153.00 335.00
152.00 336.00
151.00 336.00
151.00 337.00
150.00 337.00
149.00 338.00
149.00 338.00
148.00 339.00
148.00 339.00
147.00 340.00
147.00 340.00
146.00 341.00
146.00 341.00
145.00 342.00
144.00 342.00
144.00 343.00
143.00 343.00
143.00 344.00
142.00 344.00
142.00 344.00
141.00 345.00
141.00 345.00
140.00 346.00
140.00 346.00
139.00 347.00
139.00 347.00
138.00 348.00
138.00 348.00
137.00 348.00
137.00 349.00
137.00 349.00
136.00 350.00
136.00 350.00
135.00 350.00
135.00 351.00
134.00 351.00
134.00 352.00
134.00 352.00
133.00 352.00
133.00 353.00
132.00 353.00
132.00 353.00
132.00 354.00
131.00 354.00
131.00 354.00
130.00 355.00
130.00 355.00
130.00 355.00
129.00 356.00
129.00 356.00
129.00 356.00
128.00 357.00
128.00 357.00
128.00 357.00
127.00 358.00
127.00 358.00
127.00 358.00
126.00 359.00
126.00 359.00
126.00 359.00
125.00 360.00
125.00 360.00
125.00 360.00
125.00 360.00
124.00 361.00
124.00 361.00
124.00 361.00
123.00 361.00
123.00 362.00
123.00 362.00
123.00 362.00
122.00 363.00
122.00 363.00
122.00 363.00
122.00 363.00
121.00 363.00
121.00 364.00
121.00 364.00
121.00 364.00
120.00 364.00
120.00 365.00
120.00 365.00
120.00 365.00
119.00 365.00
119.00 365.00
119.00 366.00
119.00 366.00
119.00 366.00
118.00 366.00
118.00 366.00
118.00 367.00
118.00 367.00
118.00 367.00
117.00 367.00
117.00 367.00
117.00 367.00
117.00 368.00
117.00 368.00
117.00 368.00
116.00 368.00
116.00 368.00
116.00 368.00
116.00 369.00
116.00 369.00
116.00 369.00
116.00 369.00
115.00 369.00
115.00 369.00
115.00 369.00
115.00 369.00
115.00 370.00
115.00 370.00
115.00 370.00
115.00 370.00
114.00 370.00
114.00 370.00
114.00 370.00
114.00 370.00
114.00 370.00
114.00 371.00
114.00 371.00
114.00 371.00
114.00 371.00
114.00 371.00
114.00 371.00
113.00 371.00
113.00 371.00
113.00 371.00
113.00 371.00
113.00 371.00
113.00 371.00
113.00 371.00
113.00 371.00
113.00 372.00
113.00 372.00
113.00 372.00
113.00 372.00
113.00 372.00
113.00 372.00
113.00 372.00
113.00 372.00
113.00 372.00
113.00 372.00
113.00 372.00
113.00 372.00
113.00 372.00
113.00 372.00
