200.00 319.00
200.00 319.00
200.00 319.00
200.00 319.00
200.00 319.00
200.00 319.00
200.00 319.00
200.00 319.00
200.00 319.00
200.00 319.00
200.00 319.00
200.00 319.00
201.00 319.00
201.00 319.00
201.00 319.00
201.00 319.00
201.00 319.00
201.00 319.00
201.00 319.00
201.00 319.00
201.00 319.00
201.00 319.00
201.00 319.00
201.00 319.00
201.00 318.00
201.00 318.00
201.00 318.00
201.00 318.00
201.00 318.00
201.00 318.00
201.00 318.00
202.00 318.00
202.00 318.00
202.00 318.00
202.00 318.00
202.00 318.00
202.00 318.00
202.00 317.00
202.00 317.00
202.00 317.00
202.00 317.00
202.00 317.00
202.00 317.00
202.00 317.00
203.00 317.00
203.00 317.00
203.00 317.00
203.00 316.00
203.00 316.00
203.00 316.00
203.00 316.00
203.00 316.00
203.00 316.00
204.00 316.00
204.00 316.00
204.00 315.00
204.00 315.00
204.00 315.00
204.00 315.00
204.00 315.00
204.00 315.00
204.00 315.00
205.00 314.00
205.00 314.00
205.00 314.00
205.00 314.00
204.00 315.00
204.00 315.00
203.00 316.00
203.00 317.00
202.00 318.00
201.00 318.00
201.00 319.00
200.00 320.00
200.00 320.00
199.00 321.00
198.00 322.00
198.00 322.00
197.00 323.00
197.00 324.00
196.00 324.00
195.00 325.00
195.00 325.00
194.00 326.00
194.00 327.00
193.00 327.00
193.00 328.00
192.00 329.00
192.00 329.00
191.00 330.00
191.00 330.00
190.00 331.00
189.00 332.00
189.00 332.00
188.00 333.00
188.00 333.00
187.00 334.00
187.00 335.00
186.00 335.00
186.00 336.00
185.00 336.00
185.00 337.00
184.00 337.00
184.00 338.00
183.00 338.00
183.00 339.00
182.00 339.00
182.00 340.00
182.00 341.00
181.00 341.00
181.00 342.00
180.00 342.00
180.00 343.00
179.00 343.00
179.00 344.00
178.00 344.00
178.00 344.00
177.00 345.00
177.00 345.00
177.00 346.00
176.00 346.00
176.00 347.00
175.00 347.00
175.00 348.00
175.00 348.00
174.00 349.00
174.00 349.00
173.00 350.00
173.00 350.00
173.00 350.00
172.00 351.00
172.00 351.00
171.00 352.00
171.00 352.00
171.00 352.00
170.00 353.00
170.00 353.00
170.00 354.00
169.00 354.00
169.00 354.00
168.00 355.00
168.00 355.00
168.00 356.00
167.00 356.00
167.00 356.00
167.00 357.00
166.00 357.00
166.00 357.00
166.00 358.00
165.00 358.00
165.00 358.00
165.00 359.00
165.00 359.00
164.00 359.00
164.00 360.00
164.00 360.00
163.00 360.00
163.00 361.00
163.00 361.00
162.00 361.00
162.00 362.00
162.00 362.00
162.00 362.00
161.00 362.00
161.00 363.00
161.00 363.00
161.00 363.00
160.00 364.00
160.00 364.00
160.00 364.00
160.00 364.00
159.00 365.00
159.00 365.00
159.00 365.00
159.00 365.00
158.00 366.00
158.00 366.00
158.00 366.00
158.00 366.00
157.00 367.00
157.00 367.00
157.00 367.00
157.00 367.00
157.00 367.00
156.00 368.00
156.00 368.00
156.00 368.00
156.00 368.00
156.00 369.00
155.00 369.00
155.00 369.00
155.00 369.00
155.00 369.00
155.00 369.00
155.00 370.00
154.00 370.00
154.00 370.00
154.00 370.00
154.00 370.00
154.00 371.00
154.00 371.00
153.00 371.00
153.00 371.00
153.00 371.00
153.00 371.00
153.00 371.00
153.00 372.00
153.00 372.00
153.00 372.00
152.00 372.00
152.00 372.00
152.00 372.00
152.00 372.00
152.00 372.00
152.00 373.00
152.00 373.00
152.00 373.00
152.00 373.00
151.00 373.00
151.00 373.00
151.00 373.00
151.00 373.00
151.00 373.00
151.00 373.00
151.00 374.00
151.00 374.00
151.00 374.00
151.00 374.00
151.00 374.00
151.00 374.00
151.00 374.00
150.00 374.00
150.00 374.00
150.00 374.00
150.00 374.00
150.00 374.00
150.00 374.00
150.00 374.00
150.00 374.00
150.00 374.00
150.00 374.00
150.00 374.00
150.00 375.00
150.00 375.00
150.00 375.00
150.00 375.00
150.00 375.00
150.00 375.00
150.00 375.00
150.00 375.00
150.00 375.00
150.00 375.00
150.00 375.00
150.00 375.00
150.00 375.00
150.00 375.00
150.00 375.00
150.00 375.00
150.00 375.00
150.00 375.00
150.00 375.00
150.00 374.00
150.00 374.00
150.00 374.00
150.00 374.00
150.00 374.00
150.00 374.00
150.00 374.00
150.00 374.00
150.00 374.00
151.00 374.00
151.00 374.00
151.00 374.00
151.00 374.00
151.00 374.00
151.00 374.00
151.00 374.00
151.00 374.00
151.00 373.00
151.00 373.00
151.00 373.00
151.00 373.00
151.00 373.00
152.00 373.00
152.00 373.00
152.00 373.00
152.00 373.00
152.00 373.00
152.00 372.00
152.00 372.00
152.00 372.00
152.00 372.00
153.00 372.00
153.00 372.00
153.00 372.00
153.00 372.00
153.00 371.00
153.00 371.00
153.00 371.00
154.00 371.00
154.00 371.00
154.00 371.00
154.00 371.00
154.00 370.00
154.00 370.00
154.00 370.00
155.00 370.00
155.00 370.00
155.00 370.00
155.00 369.00
155.00 369.00
156.00 369.00
156.00 369.00
156.00 369.00
156.00 368.00
156.00 368.00
156.00 368.00
157.00 368.00
157.00 368.00
157.00 367.00
157.00 367.00
158.00 367.00
158.00 367.00
158.00 366.00
158.00 366.00
158.00 366.00
159.00 366.00
159.00 365.00
159.00 365.00
159.00 365.00
160.00 365.00
160.00 364.00
160.00 364.00
160.00 364.00
161.00 364.00
161.00 363.00
161.00 363.00
161.00 363.00
162.00 363.00
162.00 362.00
162.00 362.00
163.00 362.00
163.00 361.00
163.00 361.00
163.00 361.00
164.00 360.00
164.00 360.00
164.00 360.00
165.00 359.00
165.00 359.00
165.00 359.00
166.00 358.00
166.00 358.00
166.00 358.00
167.00 357.00
167.00 357.00
167.00 357.00
168.00 356.00
168.00 356.00
168.00 356.00
169.00 355.00
169.00 355.00
169.00 355.00
170.00 354.00
170.00 354.00
170.00 353.00
171.00 353.00
171.00 353.00
172.00 352.00
172.00 352.00
172.00 351.00
173.00 351.00
173.00 351.00
173.00 350.00
174.00 350.00
174.00 349.00
175.00 349.00
175.00 348.00
176.00 348.00
176.00 347.00
176.00 347.00
177.00 347.00
177.00 346.00
178.00 346.00
178.00 345.00
179.00 345.00
179.00 344.00
179.00 344.00
180.00 343.00
180.00 343.00
181.00 342.00
181.00 342.00
182.00 341.00
182.00 341.00
183.00 340.00
183.00 340.00
184.00 339.00
184.00 339.00
185.00 338.00
185.00 337.00
186.00 337.00
186.00 336.00
187.00 336.00
187.00 335.00
188.00 335.00
188.00 334.00
189.00 334.00
189.00 333.00
190.00 332.00
190.00 332.00
191.00 331.00
191.00 331.00
192.00 330.00
192.00 329.00
193.00 329.00
193.00 328.00
194.00 328.00
195.00 327.00
195.00 326.00
196.00 326.00
196.00 325.00
197.00 324.00
197.00 324.00
198.00 323.00
199.00 322.00
199.00 322.00
200.00 321.00
200.00 320.00
201.00 320.00
202.00 319.00
202.00 318.00
203.00 318.00
203.00 317.00
204.00 316.00
205.00 316.00
205.00 315.00
206.00 314.00
206.00 313.00
207.00 313.00
208.00 312.00
208.00 311.00
209.00 311.00
210.00 310.00
210.00 309.00
211.00 308.00
212.00 308.00
212.00 307.00
213.00 306.00
214.00 305.00
214.00 305.00
215.00 304.00
216.00 303.00
216.00 302.00
217.00 301.00
218.00 301.00
218.00 300.00
219.00 299.00
220.00 298.00
220.00 298.00
221.00 297.00
222.00 296.00
222.00 295.00
223.00 294.00
224.00 293.00
225.00 293.00
225.00 292.00
226.00 291.00
226.00 291.00
226.00 291.00
226.00 291.00
226.00 291.00
226.00 291.00
226.00 291.00
226.00 291.00
226.00 291.00
226.00 291.00
226.00 291.00
226.00 291.00
225.00 291.00
225.00 291.00
225.00 291.00
225.00 291.00
225.00 291.00
225.00 291.00
225.00 291.00
180.00 344.00
180.00 344.00
180.00 344.00
180.00 344.00
180.00 344.00
180.00 344.00
180.00 344.00
180.00 344.00
180.00 344.00
180.00 344.00
180.00 344.00
180.00 344.00
180.00 344.00
180.00 344.00
180.00 344.00
180.00 345.00
180.00 345.00
180.00 345.00
180.00 345.00
180.00 345.00
180.00 345.00
180.00 345.00
180.00 345.00
180.00 345.00
180.00 345.00
180.00 345.00
180.00 344.00
180.00 344.00
180.00 344.00
180.00 344.00
180.00 344.00
180.00 344.00
180.00 344.00
180.00 344.00
180.00 344.00
180.00 344.00
180.00 344.00
180.00 344.00
180.00 344.00
180.00 344.00
180.00 344.00
180.00 344.00
180.00 344.00
180.00 344.00
180.00 344.00
180.00 344.00
180.00 344.00
180.00 344.00
181.00 343.00
181.00 343.00
181.00 343.00
181.00 343.00
181.00 343.00
181.00 343.00
181.00 343.00
181.00 343.00
181.00 343.00
181.00 343.00
181.00 343.00
181.00 342.00
182.00 342.00
182.00 342.00
182.00 342.00
182.00 342.00
182.00 342.00
182.00 342.00
182.00 342.00
182.00 342.00
182.00 341.00
183.00 341.00
183.00 341.00
183.00 341.00
183.00 341.00
183.00 341.00
183.00 341.00
183.00 340.00
184.00 340.00
184.00 340.00
184.00 340.00
184.00 340.00
184.00 340.00
184.00 339.00
184.00 339.00
185.00 339.00
185.00 339.00
185.00 339.00
185.00 339.00
185.00 338.00
185.00 338.00
186.00 338.00
186.00 338.00
186.00 338.00
186.00 337.00
186.00 337.00
186.00 337.00
187.00 337.00
187.00 337.00
187.00 336.00
187.00 336.00
187.00 336.00
188.00 336.00
188.00 336.00
188.00 335.00
188.00 335.00
188.00 335.00
189.00 335.00
189.00 334.00
189.00 334.00
189.00 334.00
189.00 334.00
190.00 333.00
190.00 333.00
190.00 333.00
190.00 333.00
191.00 332.00
191.00 332.00
191.00 332.00
191.00 332.00
192.00 331.00
192.00 331.00
192.00 331.00
192.00 330.00
193.00 330.00
193.00 330.00
193.00 330.00
193.00 329.00
194.00 329.00
194.00 329.00
194.00 328.00
194.00 328.00
195.00 328.00
195.00 327.00
195.00 327.00
196.00 327.00
196.00 326.00
196.00 326.00
196.00 326.00
197.00 326.00
197.00 325.00
197.00 325.00
198.00 325.00
198.00 324.00
198.00 324.00
198.00 323.00
199.00 323.00
199.00 323.00
199.00 322.00
200.00 322.00
200.00 322.00
200.00 321.00
201.00 321.00
201.00 321.00
201.00 320.00
202.00 320.00
202.00 319.00
202.00 319.00
203.00 319.00
203.00 318.00
203.00 318.00
204.00 318.00
204.00 317.00
204.00 317.00
205.00 316.00
205.00 316.00
205.00 316.00
206.00 315.00
206.00 315.00
206.00 314.00
207.00 314.00
207.00 313.00
208.00 313.00
208.00 313.00
208.00 312.00
209.00 312.00
209.00 311.00
209.00 311.00
210.00 310.00
210.00 310.00
211.00 310.00
211.00 309.00
211.00 309.00
212.00 308.00
212.00 308.00
213.00 307.00
213.00 307.00
213.00 306.00
214.00 306.00
214.00 305.00
215.00 305.00
215.00 304.00
215.00 304.00
216.00 303.00
216.00 303.00
217.00 302.00
217.00 302.00
217.00 302.00
217.00 302.00
217.00 302.00
216.00 303.00
216.00 303.00
216.00 303.00
216.00 303.00
216.00 303.00
216.00 303.00
216.00 303.00
216.00 304.00
215.00 304.00
215.00 304.00
215.00 304.00
215.00 304.00
215.00 304.00
215.00 304.00
215.00 304.00
215.00 305.00
215.00 305.00
215.00 305.00
214.00 305.00
214.00 305.00
214.00 305.00
214.00 305.00
214.00 305.00
214.00 305.00
214.00 306.00
214.00 306.00
214.00 306.00
214.00 306.00
213.00 306.00
213.00 306.00
213.00 306.00
213.00 306.00
213.00 306.00
213.00 306.00
213.00 306.00
213.00 307.00
213.00 307.00
213.00 307.00
213.00 307.00
213.00 307.00
213.00 307.00
212.00 307.00
212.00 307.00
212.00 307.00
212.00 307.00
212.00 307.00
212.00 307.00
212.00 307.00
212.00 307.00
212.00 307.00
212.00 308.00
212.00 308.00
212.00 308.00
212.00 308.00
212.00 308.00
212.00 308.00
212.00 308.00
212.00 308.00
212.00 308.00
212.00 308.00
211.00 308.00
211.00 308.00
211.00 308.00
211.00 308.00
211.00 308.00
211.00 308.00
211.00 308.00
211.00 308.00
211.00 308.00
211.00 308.00
211.00 308.00
211.00 308.00
211.00 308.00
211.00 308.00
211.00 308.00
211.00 308.00
211.00 308.00
211.00 308.00
211.00 308.00
211.00 308.00
211.00 308.00
211.00 308.00
211.00 308.00
211.00 308.00
211.00 308.00
211.00 308.00
211.00 308.00
211.00 308.00
211.00 308.00
211.00 308.00
211.00 308.00
211.00 308.00
211.00 308.00
211.00 308.00
211.00 308.00
211.00 308.00
211.00 308.00
211.00 308.00
211.00 308.00
211.00 308.00
211.00 308.00
211.00 308.00
211.00 308.00
211.00 308.00
211.00 308.00
211.00 308.00
211.00 308.00
212.00 308.00
212.00 307.00
212.00 307.00
212.00 307.00
212.00 307.00
212.00 307.00
212.00 307.00
212.00 307.00
212.00 307.00
212.00 307.00
212.00 307.00
212.00 307.00
212.00 307.00
212.00 307.00
212.00 307.00
212.00 307.00
212.00 306.00
212.00 306.00
212.00 306.00
213.00 306.00
213.00 306.00
213.00 306.00
213.00 306.00
213.00 306.00
213.00 306.00
213.00 306.00
213.00 306.00
213.00 305.00
213.00 305.00
213.00 305.00
213.00 305.00
213.00 305.00
214.00 305.00
214.00 305.00
214.00 305.00
214.00 305.00
214.00 304.00
214.00 304.00
214.00 304.00
214.00 304.00
214.00 304.00
214.00 304.00
215.00 304.00
215.00 304.00
215.00 303.00
215.00 303.00
215.00 303.00
215.00 303.00
215.00 303.00
215.00 303.00
215.00 303.00
216.00 302.00
216.00 302.00
216.00 302.00
216.00 302.00
216.00 302.00
216.00 302.00
216.00 302.00
216.00 301.00
216.00 301.00
217.00 301.00
217.00 301.00
217.00 301.00
217.00 301.00
217.00 300.00
217.00 300.00
217.00 300.00
218.00 300.00
218.00 300.00
218.00 300.00
218.00 299.00
218.00 299.00
218.00 299.00
218.00 299.00
219.00 299.00
219.00 299.00
219.00 298.00
219.00 298.00
219.00 298.00
219.00 298.00
220.00 298.00
220.00 297.00
220.00 297.00
220.00 297.00
220.00 297.00
219.00 298.00
219.00 298.00
219.00 298.00
219.00 298.00
218.00 299.00
218.00 299.00
218.00 299.00
218.00 300.00
217.00 300.00
217.00 300.00
217.00 300.00
217.00 301.00
216.00 301.00
216.00 301.00
216.00 302.00
216.00 302.00
216.00 302.00
215.00 302.00
215.00 303.00
215.00 303.00
215.00 303.00
214.00 303.00
214.00 304.00
214.00 304.00
214.00 304.00
213.00 304.00
213.00 305.00
213.00 305.00
213.00 305.00
213.00 305.00
212.00 306.00
212.00 306.00
212.00 306.00
212.00 306.00
212.00 307.00
211.00 307.00
211.00 307.00
211.00 307.00
211.00 308.00
211.00 308.00
210.00 308.00
210.00 308.00
210.00 308.00
210.00 309.00
210.00 309.00
209.00 309.00
209.00 309.00
209.00 309.00
209.00 310.00
209.00 310.00
209.00 310.00
208.00 310.00
208.00 310.00
208.00 311.00
208.00 311.00
208.00 311.00
208.00 311.00
207.00 311.00
207.00 312.00
207.00 312.00
207.00 312.00
207.00 312.00
207.00 312.00
206.00 313.00
206.00 313.00
206.00 313.00
206.00 313.00
206.00 313.00
206.00 313.00
206.00 313.00
205.00 314.00
205.00 314.00
205.00 314.00
205.00 314.00
205.00 314.00
205.00 314.00
205.00 315.00
204.00 315.00
204.00 315.00
204.00 315.00
204.00 315.00
204.00 315.00
204.00 315.00
204.00 316.00
204.00 316.00
204.00 316.00
203.00 316.00
203.00 316.00
203.00 316.00
203.00 316.00
203.00 316.00
203.00 316.00
203.00 317.00
203.00 317.00
203.00 317.00
202.00 317.00
202.00 317.00
202.00 317.00
202.00 317.00
202.00 317.00
202.00 317.00
202.00 318.00
202.00 318.00
202.00 318.00
202.00 318.00
202.00 318.00
202.00 318.00
202.00 318.00
201.00 318.00
201.00 318.00
201.00 318.00
201.00 318.00
201.00 318.00
201.00 318.00
201.00 319.00
201.00 319.00
201.00 319.00
201.00 319.00
201.00 319.00
201.00 319.00
201.00 319.00
201.00 319.00
201.00 319.00
201.00 319.00
201.00 319.00
201.00 319.00
201.00 319.00
200.00 319.00
200.00 319.00
200.00 319.00
200.00 319.00
200.00 319.00
200.00 319.00
200.00 319.00
200.00 319.00
200.00 319.00
200.00 319.00
200.00 319.00
200.00 319.00
200.00 319.00
200.00 319.00
200.00 319.00
200.00 319.00
200.00 319.00
200.00 319.00
200.00 319.00
200.00 319.00
200.00 319.00
200.00 319.00
