186.00 330.00
186.00 330.00
186.00 330.00
186.00 330.00
186.00 330.00
186.00 330.00
186.00 330.00
186.00 330.00
186.00 330.00
186.00 330.00
186.00 330.00
186.00 330.00
186.00 330.00
186.00 330.00
186.00 330.00
186.00 330.00
186.00 330.00
186.00 330.00
186.00 329.00
186.00 329.00
186.00 329.00
186.00 329.00
186.00 329.00
186.00 329.00
186.00 329.00
186.00 329.00
186.00 329.00
184.00 332.00
181.00 334.00
179.00 336.00
177.00 339.00
174.00 341.00
172.00 343.00
170.00 346.00
168.00 348.00
166.00 350.00
163.00 352.00
161.00 354.00
159.00 356.00
157.00 358.00
155.00 360.00
154.00 362.00
152.00 364.00
150.00 366.00
148.00 368.00
148.00 368.00
148.00 368.00
148.00 368.00
149.00 367.00
149.00 367.00
149.00 367.00
149.00 367.00
149.00 367.00
149.00 367.00
149.00 366.00
150.00 366.00
150.00 366.00
150.00 366.00
150.00 366.00
150.00 366.00
151.00 365.00
151.00 365.00
151.00 365.00
151.00 365.00
151.00 365.00
151.00 364.00
152.00 364.00
152.00 364.00
152.00 364.00
152.00 363.00
153.00 363.00
153.00 363.00
153.00 363.00
153.00 363.00
153.00 362.00
154.00 362.00
154.00 362.00
154.00 362.00
154.00 361.00
155.00 361.00
155.00 361.00
155.00 361.00
155.00 360.00
156.00 360.00
156.00 360.00
156.00 359.00
156.00 359.00
157.00 359.00
157.00 359.00
157.00 358.00
158.00 358.00
158.00 358.00
158.00 357.00
158.00 357.00
159.00 357.00
159.00 356.00
159.00 356.00
160.00 356.00
160.00 356.00
160.00 355.00
161.00 355.00
161.00 355.00
161.00 354.00
162.00 354.00
162.00 353.00
162.00 353.00
163.00 353.00
163.00 352.00
163.00 352.00
164.00 352.00
164.00 351.00
164.00 351.00
165.00 351.00
165.00 350.00
165.00 350.00
166.00 349.00
166.00 349.00
167.00 349.00
167.00 348.00
167.00 348.00
168.00 347.00
168.00 347.00
169.00 347.00
169.00 346.00
169.00 346.00
170.00 345.00
170.00 345.00
171.00 344.00
171.00 344.00
171.00 343.00
172.00 343.00
172.00 343.00
173.00 342.00
173.00 342.00
174.00 341.00
174.00 341.00
175.00 340.00
175.00 340.00
176.00 339.00
176.00 339.00
176.00 338.00
177.00 338.00
177.00 337.00
178.00 337.00
178.00 336.00
179.00 336.00
179.00 335.00
180.00 335.00
180.00 334.00
181.00 334.00
181.00 333.00
182.00 332.00
182.00 332.00
183.00 331.00
183.00 331.00
184.00 330.00
185.00 330.00
185.00 329.00
186.00 329.00
186.00 328.00
187.00 327.00
187.00 327.00
188.00 326.00
188.00 326.00
189.00 325.00
189.00 325.00
189.00 325.00
188.00 326.00
188.00 326.00
188.00 326.00
188.00 326.00
187.00 327.00
187.00 327.00
187.00 327.00
187.00 327.00
187.00 328.00
186.00 328.00
186.00 328.00
186.00 328.00
186.00 328.00
186.00 329.00
185.00 329.00
185.00 329.00
185.00 329.00
185.00 329.00
185.00 330.00
185.00 330.00
184.00 330.00
184.00 330.00
184.00 330.00
184.00 331.00
184.00 331.00
183.00 331.00
183.00 331.00
183.00 331.00
183.00 331.00
183.00 332.00
183.00 332.00
183.00 332.00
182.00 332.00
182.00 332.00
182.00 332.00
182.00 332.00
182.00 333.00
182.00 333.00
182.00 333.00
181.00 333.00
181.00 333.00
181.00 333.00
181.00 333.00
181.00 334.00
181.00 334.00
181.00 334.00
181.00 334.00
181.00 334.00
180.00 334.00
180.00 334.00
180.00 334.00
180.00 334.00
180.00 335.00
180.00 335.00
180.00 335.00
180.00 335.00
180.00 335.00
180.00 335.00
180.00 335.00
179.00 335.00
179.00 335.00
179.00 335.00
179.00 335.00
179.00 336.00
179.00 336.00
179.00 336.00
179.00 336.00
179.00 336.00
179.00 336.00
179.00 336.00
179.00 336.00
179.00 336.00
179.00 336.00
179.00 336.00
179.00 336.00
179.00 336.00
179.00 336.00
178.00 336.00
178.00 336.00
178.00 336.00
178.00 336.00
178.00 336.00
178.00 336.00
178.00 337.00
178.00 337.00
178.00 337.00
178.00 337.00
178.00 337.00
178.00 337.00
178.00 337.00
178.00 337.00
178.00 337.00
178.00 337.00
178.00 337.00
178.00 337.00
178.00 337.00
178.00 337.00
178.00 337.00
178.00 337.00
178.00 337.00
178.00 337.00
178.00 336.00
178.00 336.00
179.00 336.00
179.00 336.00
179.00 336.00
179.00 336.00
179.00 336.00
179.00 336.00
179.00 336.00
179.00 336.00
179.00 336.00
179.00 336.00
179.00 336.00
179.00 336.00
179.00 336.00
179.00 336.00
179.00 336.00
179.00 336.00
179.00 336.00
179.00 336.00
180.00 335.00
180.00 335.00
180.00 335.00
180.00 335.00
180.00 335.00
180.00 335.00
180.00 335.00
180.00 335.00
180.00 335.00
180.00 335.00
180.00 335.00
181.00 334.00
181.00 334.00
181.00 334.00
181.00 334.00
181.00 334.00
181.00 334.00
181.00 334.00
181.00 334.00
181.00 334.00
182.00 333.00
182.00 333.00
182.00 333.00
182.00 333.00
182.00 333.00
182.00 333.00
182.00 333.00
183.00 332.00
183.00 332.00
183.00 332.00
183.00 332.00
183.00 332.00
183.00 332.00
183.00 332.00
184.00 331.00
184.00 331.00
184.00 331.00
184.00 331.00
184.00 331.00
185.00 331.00
185.00 330.00
185.00 330.00
185.00 330.00
185.00 330.00
185.00 330.00
186.00 329.00
186.00 329.00
186.00 329.00
186.00 329.00
186.00 329.00
187.00 328.00
187.00 328.00
187.00 328.00
187.00 328.00
187.00 328.00
188.00 327.00
188.00 327.00
188.00 327.00
188.00 327.00
189.00 326.00
189.00 326.00
189.00 326.00
188.00 327.00
188.00 327.00
187.00 328.00
187.00 328.00
186.00 329.00
186.00 329.00
185.00 330.00
185.00 331.00
184.00 331.00
184.00 332.00
183.00 332.00
182.00 333.00
182.00 333.00
181.00 334.00
181.00 334.00
180.00 335.00
180.00 335.00
179.00 336.00
179.00 336.00
178.00 337.00
178.00 337.00
177.00 338.00
177.00 338.00
177.00 339.00
176.00 339.00
176.00 340.00
175.00 340.00
175.00 341.00
174.00 341.00
174.00 342.00
173.00 342.00
173.00 343.00
172.00 343.00
172.00 344.00
172.00 344.00
171.00 344.00
171.00 345.00
170.00 345.00
170.00 346.00
169.00 346.00
169.00 347.00
169.00 347.00
168.00 347.00
168.00 348.00
167.00 348.00
167.00 349.00
167.00 349.00
166.00 349.00
166.00 350.00
166.00 350.00
165.00 351.00
165.00 351.00
164.00 351.00
164.00 352.00
164.00 352.00
163.00 352.00
163.00 353.00
163.00 353.00
162.00 353.00
162.00 354.00
162.00 354.00
161.00 354.00
161.00 355.00
161.00 355.00
160.00 355.00
160.00 356.00
160.00 356.00
160.00 356.00
159.00 357.00
159.00 357.00
159.00 357.00
158.00 358.00
158.00 358.00
158.00 358.00
157.00 358.00
157.00 359.00
157.00 359.00
157.00 359.00
156.00 360.00
156.00 360.00
156.00 360.00
156.00 360.00
155.00 361.00
155.00 361.00
155.00 361.00
155.00 361.00
154.00 362.00
154.00 362.00
154.00 362.00
154.00 362.00
153.00 363.00
153.00 363.00
153.00 363.00
153.00 363.00
153.00 363.00
152.00 364.00
152.00 364.00
152.00 364.00
152.00 364.00
152.00 364.00
151.00 365.00
151.00 365.00
151.00 365.00
151.00 365.00
151.00 365.00
150.00 366.00
150.00 366.00
150.00 366.00
150.00 366.00
150.00 366.00
150.00 366.00
149.00 367.00
149.00 367.00
149.00 367.00
149.00 367.00
149.00 367.00
149.00 367.00
149.00 368.00
148.00 368.00
148.00 368.00
148.00 368.00
148.00 368.00
148.00 368.00
148.00 368.00
148.00 368.00
148.00 369.00
147.00 369.00
147.00 369.00
147.00 369.00
147.00 369.00
147.00 369.00
147.00 369.00
147.00 369.00
147.00 369.00
147.00 369.00
147.00 369.00
147.00 370.00
146.00 370.00
146.00 370.00
146.00 370.00
146.00 370.00
146.00 370.00
146.00 370.00
146.00 370.00
146.00 370.00
146.00 370.00
146.00 370.00
146.00 370.00
146.00 370.00
146.00 370.00
146.00 370.00
146.00 370.00
146.00 370.00
146.00 370.00
146.00 370.00
146.00 370.00
146.00 371.00
146.00 371.00
146.00 371.00
146.00 371.00
146.00 371.00
146.00 371.00
146.00 371.00
146.00 371.00
146.00 371.00
146.00 371.00
146.00 371.00
146.00 371.00
146.00 371.00
146.00 370.00
146.00 370.00
146.00 370.00
146.00 370.00
146.00 370.00
146.00 370.00
146.00 370.00
146.00 370.00
146.00 370.00
146.00 370.00
146.00 370.00
146.00 370.00
146.00 370.00
146.00 370.00
146.00 370.00
146.00 370.00
146.00 370.00
146.00 370.00
146.00 370.00
147.00 370.00
147.00 369.00
147.00 369.00
147.00 369.00
147.00 369.00
147.00 369.00
147.00 369.00
147.00 369.00
147.00 369.00
147.00 369.00
147.00 369.00
148.00 368.00
148.00 368.00
148.00 368.00
148.00 368.00
148.00 368.00
148.00 368.00
148.00 368.00
148.00 368.00
149.00 367.00
149.00 367.00
149.00 367.00
149.00 367.00
147.00 369.00
146.00 370.00
144.00 372.00
143.00 373.00
141.00 375.00
140.00 376.00
139.00 378.00
137.00 379.00
136.00 380.00
135.00 382.00
133.00 383.00
132.00 384.00
131.00 386.00
130.00 387.00
128.00 388.00
127.00 389.00
126.00 390.00
125.00 392.00
124.00 393.00
122.00 394.00
121.00 395.00
120.00 396.00
119.00 397.00
118.00 398.00
117.00 399.00
116.00 400.00
115.00 401.00
114.00 402.00
113.00 403.00
112.00 404.00
111.00 405.00
110.00 406.00
110.00 407.00
109.00 408.00
108.00 408.00
107.00 409.00
106.00 410.00
105.00 411.00
104.00 412.00
104.00 412.00
103.00 413.00
102.00 414.00
101.00 415.00
101.00 415.00
100.00 416.00
99.00 417.00
98.00 418.00
98.00 418.00
97.00 419.00
96.00 420.00
96.00 420.00
95.00 421.00
94.00 421.00
94.00 422.00
93.00 423.00
93.00 423.00
92.00 424.00
91.00 424.00
91.00 425.00
90.00 426.00
90.00 426.00
89.00 427.00
89.00 427.00
88.00 428.00
87.00 428.00
87.00 429.00
86.00 429.00
86.00 430.00
85.00 430.00
85.00 431.00
84.00 431.00
84.00 432.00
84.00 432.00
83.00 433.00
83.00 433.00
82.00 433.00
82.00 434.00
81.00 434.00
81.00 435.00
80.00 435.00
80.00 435.00
80.00 436.00
79.00 436.00
79.00 437.00
78.00 437.00
78.00 437.00
78.00 438.00
77.00 438.00
77.00 438.00
77.00 439.00
76.00 439.00
76.00 439.00
76.00 440.00
75.00 440.00
75.00 440.00
75.00 441.00
74.00 441.00
74.00 441.00
74.00 442.00
73.00 442.00
73.00 442.00
73.00 443.00
72.00 443.00
72.00 443.00
72.00 443.00
72.00 444.00
71.00 444.00
71.00 444.00
71.00 444.00
71.00 445.00
70.00 445.00
70.00 445.00
70.00 445.00
70.00 446.00
69.00 446.00
69.00 446.00
69.00 446.00
69.00 447.00
68.00 447.00
68.00 447.00
68.00 447.00
68.00 447.00
67.00 448.00
67.00 448.00
67.00 448.00
67.00 448.00
67.00 448.00
66.00 449.00
66.00 449.00
66.00 449.00
66.00 449.00
66.00 449.00
66.00 449.00
65.00 450.00
65.00 450.00
65.00 450.00
65.00 450.00
65.00 450.00
65.00 450.00
64.00 451.00
64.00 451.00
64.00 451.00
64.00 451.00
64.00 451.00
64.00 451.00
63.00 451.00
63.00 452.00
63.00 452.00
63.00 452.00
63.00 452.00
63.00 452.00
63.00 452.00
63.00 452.00
62.00 452.00
62.00 452.00
62.00 453.00
62.00 453.00
62.00 453.00
62.00 453.00
62.00 453.00
62.00 453.00
62.00 453.00
61.00 453.00
61.00 453.00
61.00 453.00
61.00 454.00
61.00 454.00
61.00 454.00
61.00 454.00
61.00 454.00
61.00 454.00
61.00 454.00
61.00 454.00
61.00 454.00
61.00 454.00
60.00 454.00
60.00 454.00
60.00 454.00
60.00 454.00
60.00 455.00
60.00 455.00
60.00 455.00
60.00 455.00
60.00 455.00
60.00 455.00
60.00 455.00
60.00 455.00
60.00 455.00
60.00 455.00
60.00 455.00
60.00 455.00
60.00 455.00
60.00 455.00
60.00 455.00
60.00 455.00
60.00 455.00
60.00 455.00
60.00 455.00
59.00 455.00
59.00 455.00
59.00 455.00
59.00 455.00
59.00 455.00
59.00 455.00
59.00 455.00
59.00 455.00
59.00 455.00
59.00 455.00
59.00 455.00
59.00 455.00
59.00 455.00
59.00 455.00
59.00 455.00
59.00 455.00
59.00 455.00
60.00 455.00
60.00 455.00
60.00 455.00
60.00 455.00
60.00 455.00
60.00 455.00
60.00 455.00
60.00 455.00
60.00 455.00
60.00 455.00
60.00 455.00
60.00 455.00
60.00 455.00
60.00 455.00
60.00 455.00
60.00 455.00
60.00 455.00
60.00 455.00
60.00 455.00
60.00 455.00
60.00 454.00
60.00 454.00
60.00 454.00
60.00 454.00
61.00 454.00
61.00 454.00
61.00 454.00
61.00 454.00
61.00 454.00
61.00 454.00
61.00 454.00
61.00 454.00
61.00 454.00
61.00 454.00
61.00 453.00
61.00 453.00
62.00 453.00
62.00 453.00
62.00 453.00
62.00 453.00
62.00 453.00
62.00 453.00
62.00 453.00
62.00 453.00
62.00 452.00
63.00 452.00
63.00 452.00
63.00 452.00
63.00 452.00
63.00 452.00
63.00 452.00
63.00 452.00
63.00 452.00
64.00 451.00
64.00 451.00
64.00 451.00
64.00 451.00
64.00 451.00
64.00 451.00
64.00 451.00
65.00 450.00
65.00 450.00
65.00 450.00
65.00 450.00
65.00 450.00
65.00 450.00
66.00 449.00
66.00 449.00
66.00 449.00
66.00 449.00
66.00 449.00
67.00 449.00
67.00 448.00
67.00 448.00
67.00 448.00
67.00 448.00
68.00 448.00
68.00 447.00
68.00 447.00
68.00 447.00
68.00 447.00
69.00 447.00
69.00 446.00
69.00 446.00
69.00 446.00
70.00 446.00
70.00 445.00
70.00 445.00
70.00 445.00
71.00 445.00
71.00 444.00
71.00 444.00
71.00 444.00
72.00 444.00
72.00 443.00
72.00 443.00
73.00 443.00
73.00 443.00
73.00 442.00
74.00 442.00
74.00 442.00
74.00 441.00
74.00 441.00
75.00 441.00
75.00 440.00
75.00 440.00
76.00 440.00
76.00 439.00
76.00 439.00
77.00 439.00
77.00 438.00
78.00 438.00
78.00 438.00
78.00 437.00
79.00 437.00
79.00 437.00
79.00 436.00
80.00 436.00
80.00 435.00
81.00 435.00
81.00 435.00
82.00 434.00
82.00 434.00
82.00 433.00
83.00 433.00
83.00 433.00
84.00 432.00
84.00 432.00
85.00 431.00
85.00 431.00
86.00 430.00
86.00 430.00
87.00 429.00
87.00 429.00
88.00 428.00
88.00 428.00
89.00 427.00
89.00 427.00
90.00 426.00
91.00 426.00
91.00 425.00
92.00 424.00
92.00 424.00
93.00 423.00
94.00 423.00
94.00 422.00
95.00 422.00
95.00 421.00
96.00 420.00
97.00 420.00
97.00 419.00
98.00 418.00
99.00 418.00
100.00 417.00
100.00 416.00
101.00 415.00
102.00 415.00
103.00 414.00
103.00 413.00
104.00 412.00
105.00 412.00
106.00 411.00
107.00 410.00
107.00 409.00
108.00 408.00
109.00 408.00
110.00 407.00
111.00 406.00
112.00 405.00
113.00 404.00
114.00 403.00
115.00 402.00
116.00 401.00
117.00 400.00
118.00 399.00
119.00 398.00
120.00 397.00
121.00 396.00
122.00 395.00
123.00 394.00
124.00 393.00
125.00 392.00
127.00 390.00
128.00 389.00
129.00 388.00
130.00 387.00
132.00 386.00
133.00 384.00
134.00 383.00
135.00 382.00
137.00 380.00
138.00 379.00
140.00 378.00
141.00 376.00
142.00 375.00
144.00 373.00
145.00 372.00
147.00 370.00
148.00 369.00
150.00 367.00
152.00 365.00
153.00 364.00
155.00 362.00
156.00 360.00
158.00 359.00
160.00 357.00
162.00 355.00
163.00 353.00
165.00 351.00
167.00 350.00
169.00 348.00
171.00 346.00
173.00 344.00
175.00 342.00
177.00 340.00
179.00 338.00
181.00 336.00
183.00 333.00
185.00 331.00
187.00 329.00
187.00 329.00
187.00 329.00
187.00 329.00
187.00 329.00
187.00 329.00
187.00 329.00
186.00 329.00
186.00 329.00
186.00 330.00
186.00 330.00
186.00 330.00
186.00 330.00
186.00 330.00
186.00 330.00
186.00 330.00
186.00 330.00
186.00 330.00
186.00 330.00
186.00 330.00
186.00 330.00
186.00 330.00
186.00 330.00
186.00 330.00
186.00 330.00
186.00 330.00
186.00 330.00
186.00 330.00
186.00 330.00
