143.00 371.00
143.00 371.00
143.00 370.00
143.00 370.00
143.00 370.00
143.00 370.00
143.00 370.00
143.00 370.00
143.00 370.00
143.00 370.00
143.00 370.00
143.00 370.00
143.00 370.00
143.00 370.00
143.00 370.00
143.00 370.00
143.00 370.00
143.00 370.00
143.00 370.00
143.00 370.00
143.00 370.00
144.00 370.00
144.00 370.00
144.00 370.00
144.00 369.00
144.00 369.00
144.00 369.00
144.00 369.00
144.00 369.00
144.00 369.00
144.00 369.00
144.00 369.00
144.00 369.00
145.00 369.00
145.00 368.00
145.00 368.00
145.00 368.00
145.00 368.00
145.00 368.00
145.00 368.00
145.00 368.00
146.00 368.00
146.00 367.00
146.00 367.00
146.00 367.00
146.00 367.00
146.00 367.00
146.00 367.00
147.00 367.00
147.00 366.00
147.00 366.00
147.00 366.00
147.00 366.00
147.00 366.00
148.00 366.00
148.00 365.00
148.00 365.00
148.00 365.00
148.00 365.00
148.00 365.00
149.00 364.00
149.00 364.00
149.00 364.00
149.00 364.00
149.00 364.00
150.00 363.00
150.00 363.00
150.00 363.00
150.00 363.00
150.00 363.00
151.00 362.00
151.00 362.00
151.00 362.00
151.00 362.00
152.00 361.00
152.00 361.00
152.00 361.00
152.00 361.00
153.00 360.00
153.00 360.00
153.00 360.00
153.00 360.00
154.00 359.00
154.00 359.00
154.00 359.00
155.00 358.00
155.00 358.00
155.00 358.00
155.00 358.00
156.00 357.00
156.00 357.00
156.00 357.00
157.00 356.00
157.00 356.00
157.00 356.00
157.00 355.00
158.00 355.00
158.00 355.00
158.00 354.00
159.00 354.00
159.00 354.00
159.00 353.00
160.00 353.00
160.00 353.00
160.00 352.00
161.00 352.00
161.00 352.00
162.00 351.00
162.00 351.00
162.00 350.00
163.00 350.00
163.00 350.00
163.00 349.00
164.00 349.00
164.00 349.00
165.00 348.00
165.00 348.00
165.00 347.00
166.00 347.00
166.00 347.00
167.00 346.00
167.00 346.00
167.00 345.00
168.00 345.00
168.00 344.00
169.00 344.00
169.00 343.00
170.00 343.00
170.00 343.00
170.00 342.00
171.00 342.00
171.00 341.00
172.00 341.00
172.00 340.00
173.00 340.00
173.00 339.00
174.00 339.00
174.00 338.00
175.00 338.00
175.00 337.00
176.00 337.00
176.00 336.00
177.00 336.00
177.00 335.00
178.00 335.00
178.00 334.00
179.00 334.00
179.00 333.00
180.00 333.00
180.00 332.00
181.00 332.00
181.00 331.00
182.00 330.00
182.00 330.00
183.00 329.00
183.00 329.00
184.00 328.00
185.00 328.00
185.00 327.00
186.00 326.00
186.00 326.00
187.00 325.00
187.00 325.00
188.00 324.00
189.00 323.00
189.00 323.00
190.00 322.00
190.00 322.00
191.00 321.00
191.00 321.00
191.00 321.00
190.00 322.00
190.00 322.00
190.00 322.00
190.00 322.00
190.00 322.00
189.00 323.00
189.00 323.00
189.00 323.00
189.00 323.00
189.00 323.00
189.00 323.00
188.00 324.00
188.00 324.00
188.00 324.00
188.00 324.00
188.00 324.00
188.00 324.00
187.00 325.00
187.00 325.00
187.00 325.00
187.00 325.00
187.00 325.00
187.00 325.00
187.00 325.00
186.00 326.00
186.00 326.00
186.00 326.00
186.00 326.00
186.00 326.00
186.00 326.00
186.00 326.00
186.00 326.00
185.00 327.00
185.00 327.00
185.00 327.00
185.00 327.00
185.00 327.00
185.00 327.00
185.00 327.00
185.00 327.00
185.00 327.00
185.00 328.00
184.00 328.00
184.00 328.00
184.00 328.00
184.00 328.00
184.00 328.00
184.00 328.00
184.00 328.00
184.00 328.00
184.00 328.00
184.00 328.00
184.00 328.00
184.00 329.00
183.00 329.00
183.00 329.00
183.00 329.00
183.00 329.00
183.00 329.00
183.00 329.00
183.00 329.00
183.00 329.00
183.00 329.00
183.00 329.00
183.00 329.00
183.00 329.00
183.00 329.00
183.00 329.00
183.00 329.00
183.00 329.00
183.00 329.00
183.00 329.00
183.00 329.00
183.00 329.00
183.00 329.00
183.00 329.00
183.00 329.00
183.00 329.00
183.00 329.00
183.00 329.00
183.00 329.00
183.00 329.00
183.00 329.00
183.00 329.00
183.00 329.00
183.00 329.00
183.00 329.00
183.00 329.00
183.00 329.00
183.00 329.00
183.00 329.00
183.00 329.00
183.00 329.00
183.00 329.00
183.00 329.00
183.00 329.00
183.00 329.00
183.00 329.00
183.00 329.00
183.00 329.00
183.00 329.00
183.00 329.00
183.00 329.00
183.00 329.00
183.00 329.00
183.00 329.00
183.00 329.00
183.00 329.00
184.00 328.00
184.00 328.00
184.00 328.00
184.00 328.00
184.00 328.00
184.00 328.00
184.00 328.00
184.00 328.00
184.00 328.00
184.00 328.00
184.00 328.00
184.00 328.00
184.00 328.00
185.00 327.00
185.00 327.00
185.00 327.00
185.00 327.00
185.00 327.00
221.00 290.00
221.00 290.00
221.00 290.00
221.00 290.00
220.00 291.00
220.00 291.00
219.00 292.00
218.00 293.00
218.00 294.00
217.00 294.00
216.00 295.00
215.00 296.00
215.00 296.00
214.00 297.00
213.00 298.00
213.00 298.00
212.00 299.00
211.00 300.00
211.00 301.00
210.00 301.00
209.00 302.00
209.00 303.00
208.00 303.00
208.00 304.00
207.00 305.00
206.00 305.00
206.00 306.00
205.00 306.00
204.00 307.00
204.00 308.00
203.00 308.00
202.00 309.00
202.00 310.00
201.00 310.00
201.00 311.00
200.00 312.00
199.00 312.00
199.00 313.00
198.00 313.00
198.00 314.00
197.00 315.00
197.00 315.00
196.00 316.00
195.00 316.00
195.00 317.00
194.00 318.00
194.00 318.00
193.00 319.00
193.00 319.00
192.00 320.00
191.00 320.00
191.00 321.00
190.00 322.00
190.00 322.00
189.00 323.00
189.00 323.00
188.00 324.00
188.00 324.00
187.00 325.00
187.00 325.00
186.00 326.00
186.00 326.00
185.00 327.00
185.00 327.00
184.00 328.00
184.00 328.00
183.00 329.00
183.00 329.00
182.00 330.00
182.00 330.00
181.00 331.00
181.00 331.00
180.00 332.00
180.00 332.00
179.00 333.00
179.00 333.00
178.00 334.00
178.00 334.00
178.00 335.00
177.00 335.00
177.00 336.00
176.00 336.00
176.00 336.00
175.00 337.00
175.00 337.00
175.00 338.00
174.00 338.00
174.00 339.00
173.00 339.00
173.00 339.00
172.00 340.00
172.00 340.00
172.00 341.00
171.00 341.00
171.00 341.00
171.00 342.00
170.00 342.00
170.00 343.00
169.00 343.00
169.00 343.00
169.00 344.00
168.00 344.00
168.00 345.00
168.00 345.00
167.00 345.00
167.00 346.00
167.00 346.00
166.00 346.00
166.00 347.00
166.00 347.00
165.00 347.00
165.00 348.00
165.00 348.00
164.00 348.00
164.00 349.00
164.00 349.00
163.00 349.00
163.00 350.00
163.00 350.00
162.00 350.00
162.00 350.00
162.00 351.00
162.00 351.00
161.00 351.00
161.00 352.00
161.00 352.00
160.00 352.00
160.00 352.00
160.00 353.00
160.00 353.00
159.00 353.00
159.00 354.00
159.00 354.00
159.00 354.00
158.00 354.00
158.00 355.00
158.00 355.00
158.00 355.00
157.00 355.00
157.00 356.00
157.00 356.00
157.00 356.00
157.00 356.00
156.00 356.00
156.00 357.00
156.00 357.00
156.00 357.00
156.00 357.00
155.00 357.00
155.00 358.00
155.00 358.00
155.00 358.00
155.00 358.00
154.00 358.00
154.00 359.00
154.00 359.00
154.00 359.00
154.00 359.00
154.00 359.00
153.00 360.00
153.00 360.00
153.00 360.00
153.00 360.00
153.00 360.00
153.00 360.00
152.00 360.00
152.00 361.00
152.00 361.00
152.00 361.00
152.00 361.00
152.00 361.00
152.00 361.00
152.00 361.00
151.00 362.00
151.00 362.00
151.00 362.00
151.00 362.00
151.00 362.00
151.00 362.00
151.00 362.00
151.00 362.00
151.00 362.00
150.00 363.00
150.00 363.00
150.00 363.00
150.00 363.00
150.00 363.00
150.00 363.00
150.00 363.00
150.00 363.00
150.00 363.00
150.00 363.00
150.00 363.00
150.00 363.00
150.00 363.00
150.00 364.00
149.00 364.00
149.00 364.00
149.00 364.00
149.00 364.00
149.00 364.00
149.00 364.00
149.00 364.00
149.00 364.00
149.00 364.00
149.00 364.00
149.00 364.00
149.00 364.00
149.00 364.00
149.00 364.00
149.00 364.00
149.00 364.00
149.00 364.00
149.00 364.00
149.00 364.00
149.00 364.00
149.00 364.00
149.00 364.00
149.00 364.00
149.00 364.00
149.00 364.00
149.00 364.00
149.00 364.00
149.00 364.00
149.00 364.00
149.00 364.00
149.00 364.00
149.00 364.00
149.00 364.00
149.00 364.00
150.00 364.00
150.00 364.00
150.00 364.00
150.00 364.00
150.00 363.00
150.00 363.00
150.00 363.00
150.00 363.00
150.00 363.00
150.00 363.00
150.00 363.00
150.00 363.00
150.00 363.00
150.00 363.00
151.00 363.00
151.00 363.00
151.00 363.00
151.00 362.00
151.00 362.00
151.00 362.00
151.00 362.00
151.00 362.00
151.00 362.00
152.00 362.00
152.00 362.00
152.00 362.00
152.00 361.00
152.00 361.00
152.00 361.00
152.00 361.00
152.00 361.00
153.00 361.00
153.00 361.00
153.00 360.00
153.00 360.00
153.00 360.00
153.00 360.00
154.00 360.00
154.00 360.00
154.00 359.00
154.00 359.00
154.00 359.00
154.00 359.00
155.00 359.00
155.00 359.00
155.00 358.00
155.00 358.00
155.00 358.00
156.00 358.00
156.00 358.00
156.00 357.00
156.00 357.00
156.00 357.00
157.00 357.00
157.00 357.00
157.00 356.00
157.00 356.00
157.00 356.00
158.00 356.00
158.00 355.00
158.00 355.00
158.00 355.00
159.00 355.00
159.00 354.00
159.00 354.00
159.00 354.00
160.00 354.00
160.00 353.00
160.00 353.00
160.00 353.00
161.00 353.00
161.00 352.00
161.00 352.00
162.00 352.00
162.00 352.00
162.00 351.00
162.00 351.00
163.00 351.00
163.00 350.00
163.00 350.00
164.00 350.00
164.00 349.00
164.00 349.00
165.00 349.00
165.00 349.00
165.00 348.00
166.00 348.00
166.00 348.00
166.00 347.00
167.00 347.00
167.00 347.00
167.00 346.00
168.00 346.00
168.00 345.00
168.00 345.00
169.00 345.00
169.00 344.00
169.00 344.00
170.00 344.00
170.00 343.00
170.00 343.00
171.00 343.00
171.00 342.00
172.00 342.00
172.00 341.00
172.00 341.00
173.00 341.00
173.00 340.00
174.00 340.00
174.00 339.00
174.00 339.00
175.00 339.00
175.00 338.00
176.00 338.00
176.00 337.00
177.00 337.00
177.00 336.00
177.00 336.00
178.00 335.00
178.00 335.00
179.00 335.00
179.00 334.00
180.00 334.00
180.00 333.00
181.00 333.00
181.00 332.00
182.00 332.00
182.00 331.00
183.00 331.00
183.00 330.00
184.00 330.00
184.00 329.00
185.00 329.00
185.00 328.00
186.00 328.00
186.00 327.00
187.00 327.00
187.00 326.00
188.00 326.00
188.00 325.00
189.00 325.00
189.00 324.00
190.00 324.00
190.00 323.00
191.00 323.00
191.00 322.00
192.00 321.00
192.00 321.00
193.00 320.00
194.00 320.00
194.00 319.00
195.00 319.00
195.00 318.00
196.00 317.00
196.00 317.00
197.00 316.00
198.00 316.00
198.00 315.00
199.00 314.00
199.00 314.00
200.00 313.00
201.00 313.00
201.00 312.00
202.00 311.00
202.00 311.00
203.00 310.00
204.00 310.00
204.00 309.00
205.00 308.00
206.00 308.00
206.00 307.00
207.00 306.00
207.00 306.00
208.00 305.00
209.00 304.00
209.00 304.00
210.00 303.00
211.00 302.00
211.00 302.00
212.00 301.00
212.00 301.00
212.00 301.00
212.00 301.00
212.00 301.00
212.00 301.00
211.00 302.00
211.00 302.00
211.00 302.00
211.00 302.00
211.00 302.00
211.00 302.00
211.00 302.00
211.00 302.00
211.00 302.00
211.00 302.00
211.00 302.00
211.00 302.00
211.00 302.00
211.00 303.00
210.00 303.00
210.00 303.00
210.00 303.00
210.00 303.00
210.00 303.00
210.00 303.00
210.00 303.00
210.00 303.00
210.00 303.00
210.00 303.00
210.00 303.00
210.00 303.00
210.00 303.00
210.00 303.00
210.00 303.00
210.00 303.00
210.00 303.00
210.00 303.00
210.00 303.00
210.00 304.00
210.00 304.00
210.00 304.00
209.00 304.00
209.00 304.00
209.00 304.00
209.00 304.00
209.00 304.00
209.00 304.00
209.00 304.00
209.00 304.00
209.00 304.00
209.00 304.00
209.00 304.00
209.00 304.00
209.00 304.00
209.00 304.00
209.00 304.00
209.00 304.00
209.00 304.00
209.00 304.00
209.00 304.00
209.00 304.00
209.00 304.00
209.00 304.00
209.00 304.00
209.00 304.00
209.00 304.00
209.00 304.00
209.00 304.00
209.00 304.00
209.00 304.00
209.00 304.00
209.00 304.00
209.00 304.00
210.00 304.00
210.00 304.00
210.00 304.00
210.00 303.00
210.00 303.00
210.00 303.00
210.00 303.00
210.00 303.00
210.00 303.00
210.00 303.00
210.00 303.00
210.00 303.00
210.00 303.00
210.00 303.00
210.00 303.00
210.00 303.00
210.00 303.00
210.00 303.00
210.00 303.00
210.00 303.00
210.00 303.00
210.00 303.00
211.00 303.00
211.00 302.00
211.00 302.00
211.00 302.00
211.00 302.00
211.00 302.00
211.00 302.00
211.00 302.00
211.00 302.00
211.00 302.00
211.00 302.00
211.00 302.00
211.00 302.00
211.00 302.00
212.00 301.00
212.00 301.00
212.00 301.00
212.00 301.00
212.00 301.00
212.00 301.00
211.00 302.00
211.00 302.00
210.00 303.00
209.00 304.00
208.00 305.00
208.00 305.00
207.00 306.00
206.00 307.00
206.00 308.00
205.00 308.00
204.00 309.00
204.00 310.00
203.00 310.00
202.00 311.00
201.00 312.00
201.00 312.00
200.00 313.00
199.00 314.00
199.00 314.00
198.00 315.00
198.00 316.00
197.00 316.00
196.00 317.00
196.00 318.00
195.00 318.00
194.00 319.00
194.00 320.00
193.00 320.00
192.00 321.00
192.00 322.00
191.00 322.00
191.00 323.00
190.00 323.00
189.00 324.00
189.00 325.00
188.00 325.00
188.00 326.00
187.00 326.00
186.00 327.00
186.00 328.00
185.00 328.00
185.00 329.00
184.00 329.00
184.00 330.00
183.00 330.00
183.00 331.00
182.00 331.00
181.00 332.00
181.00 333.00
180.00 333.00
180.00 334.00
179.00 334.00
179.00 335.00
178.00 335.00
178.00 336.00
177.00 336.00
177.00 337.00
176.00 337.00
176.00 338.00
175.00 338.00
175.00 339.00
174.00 339.00
174.00 340.00
173.00 340.00
173.00 341.00
172.00 341.00
172.00 342.00
171.00 342.00
171.00 343.00
171.00 343.00
170.00 343.00
170.00 344.00
169.00 344.00
169.00 345.00
168.00 345.00
168.00 346.00
168.00 346.00
167.00 346.00
167.00 347.00
166.00 347.00
166.00 348.00
165.00 348.00
165.00 348.00
165.00 349.00
164.00 349.00
164.00 350.00
164.00 350.00
163.00 350.00
163.00 351.00
162.00 351.00
162.00 352.00
162.00 352.00
161.00 352.00
161.00 353.00
161.00 353.00
160.00 353.00
160.00 354.00
160.00 354.00
159.00 354.00
159.00 355.00
159.00 355.00
158.00 355.00
158.00 356.00
158.00 356.00
157.00 356.00
157.00 357.00
157.00 357.00
156.00 357.00
156.00 357.00
156.00 358.00
155.00 358.00
155.00 358.00
155.00 359.00
155.00 359.00
154.00 359.00
154.00 359.00
154.00 360.00
154.00 360.00
153.00 360.00
153.00 361.00
153.00 361.00
152.00 361.00
152.00 361.00
152.00 362.00
152.00 362.00
151.00 362.00
151.00 362.00
151.00 362.00
151.00 363.00
151.00 363.00
150.00 363.00
150.00 363.00
150.00 364.00
150.00 364.00
149.00 364.00
149.00 364.00
149.00 364.00
149.00 365.00
149.00 365.00
148.00 365.00
148.00 365.00
148.00 365.00
148.00 366.00
148.00 366.00
148.00 366.00
147.00 366.00
147.00 366.00
147.00 366.00
147.00 367.00
147.00 367.00
147.00 367.00
146.00 367.00
146.00 367.00
146.00 367.00
146.00 367.00
146.00 368.00
146.00 368.00
146.00 368.00
145.00 368.00
145.00 368.00
145.00 368.00
145.00 368.00
145.00 368.00
145.00 369.00
145.00 369.00
145.00 369.00
145.00 369.00
144.00 369.00
144.00 369.00
144.00 369.00
144.00 369.00
144.00 369.00
144.00 369.00
144.00 369.00
144.00 370.00
144.00 370.00
144.00 370.00
144.00 370.00
144.00 370.00
143.00 370.00
143.00 370.00
143.00 370.00
143.00 370.00
143.00 370.00
143.00 370.00
143.00 370.00
143.00 370.00
143.00 370.00
143.00 370.00
143.00 370.00
143.00 370.00
143.00 370.00
143.00 370.00
143.00 370.00
143.00 370.00
143.00 371.00
143.00 371.00
143.00 371.00
143.00 371.00
143.00 371.00
143.00 371.00
143.00 371.00
