91.00 441.00
91.00 441.00
91.00 441.00
91.00 441.00
91.00 441.00
91.00 441.00
91.00 441.00
91.00 441.00
91.00 441.00
91.00 441.00
91.00 441.00
91.00 441.00
91.00 441.00
91.00 441.00
91.00 441.00
91.00 441.00
91.00 441.00
91.00 441.00
91.00 441.00
91.00 441.00
91.00 440.00
91.00 440.00
92.00 440.00
92.00 440.00
92.00 440.00
92.00 440.00
92.00 440.00
92.00 440.00
92.00 440.00
92.00 440.00
92.00 440.00
92.00 440.00
92.00 440.00
93.00 439.00
93.00 439.00
93.00 439.00
93.00 439.00
93.00 439.00
93.00 439.00
93.00 439.00
93.00 439.00
94.00 439.00
94.00 439.00
94.00 438.00
94.00 438.00
94.00 438.00
94.00 438.00
94.00 438.00
95.00 438.00
95.00 438.00
95.00 438.00
95.00 437.00
95.00 437.00
95.00 437.00
95.00 437.00
96.00 437.00
96.00 437.00
96.00 436.00
96.00 436.00
96.00 436.00
97.00 436.00
97.00 436.00
97.00 436.00
97.00 435.00
97.00 435.00
98.00 435.00
98.00 435.00
98.00 435.00
98.00 435.00
99.00 434.00
99.00 434.00
99.00 434.00
99.00 434.00
99.00 434.00
100.00 433.00
100.00 433.00
100.00 433.00
100.00 433.00
101.00 432.00
101.00 432.00
101.00 432.00
102.00 432.00
102.00 431.00
102.00 431.00
102.00 431.00
103.00 431.00
103.00 430.00
103.00 430.00
104.00 430.00
104.00 430.00
104.00 429.00
105.00 429.00
105.00 429.00
105.00 428.00
106.00 428.00
106.00 428.00
106.00 428.00
107.00 427.00
107.00 427.00
107.00 427.00
108.00 426.00
108.00 426.00
108.00 426.00
109.00 425.00
109.00 425.00
109.00 425.00
110.00 424.00
110.00 424.00
111.00 424.00
111.00 423.00
112.00 423.00
112.00 422.00
112.00 422.00
113.00 422.00
113.00 421.00
114.00 421.00
114.00 420.00
115.00 420.00
115.00 420.00
115.00 419.00
116.00 419.00
116.00 418.00
117.00 418.00
117.00 417.00
118.00 417.00
118.00 416.00
119.00 416.00
119.00 415.00
120.00 415.00
121.00 414.00
121.00 414.00
122.00 413.00
122.00 413.00
123.00 412.00
123.00 412.00
124.00 411.00
124.00 411.00
125.00 410.00
126.00 410.00
126.00 409.00
127.00 408.00
127.00 408.00
128.00 407.00
129.00 407.00
129.00 406.00
130.00 405.00
131.00 405.00
131.00 404.00
132.00 403.00
133.00 403.00
133.00 402.00
134.00 401.00
135.00 401.00
136.00 400.00
136.00 399.00
137.00 399.00
138.00 398.00
139.00 397.00
139.00 396.00
140.00 395.00
141.00 395.00
142.00 394.00
142.00 393.00
143.00 392.00
144.00 391.00
145.00 391.00
146.00 390.00
147.00 389.00
147.00 388.00
148.00 387.00
149.00 386.00
150.00 385.00
151.00 384.00
152.00 383.00
153.00 382.00
154.00 381.00
155.00 380.00
156.00 379.00
157.00 378.00
158.00 377.00
159.00 376.00
160.00 375.00
161.00 374.00
162.00 373.00
163.00 372.00
164.00 371.00
165.00 369.00
166.00 368.00
167.00 367.00
168.00 366.00
169.00 365.00
170.00 363.00
171.00 362.00
173.00 361.00
174.00 359.00
175.00 358.00
176.00 357.00
177.00 355.00
178.00 354.00
180.00 353.00
181.00 351.00
182.00 350.00
183.00 348.00
185.00 347.00
186.00 345.00
187.00 344.00
188.00 342.00
190.00 341.00
191.00 339.00
191.00 339.00
191.00 339.00
191.00 339.00
191.00 339.00
191.00 339.00
191.00 340.00
191.00 340.00
190.00 340.00
190.00 340.00
190.00 340.00
190.00 340.00
190.00 340.00
190.00 340.00
190.00 340.00
190.00 340.00
190.00 340.00
190.00 340.00
190.00 340.00
190.00 340.00
190.00 340.00
190.00 340.00
190.00 340.00
190.00 340.00
190.00 340.00
190.00 341.00
190.00 341.00
190.00 341.00
190.00 341.00
190.00 341.00
190.00 341.00
190.00 341.00
190.00 341.00
190.00 341.00
190.00 341.00
190.00 341.00
190.00 341.00
190.00 341.00
190.00 341.00
190.00 341.00
190.00 341.00
190.00 341.00
190.00 341.00
190.00 341.00
190.00 341.00
190.00 341.00
190.00 341.00
190.00 340.00
190.00 340.00
190.00 340.00
190.00 340.00
190.00 340.00
190.00 340.00
190.00 340.00
190.00 340.00
190.00 340.00
190.00 340.00
190.00 340.00
190.00 340.00
190.00 340.00
190.00 340.00
190.00 340.00
190.00 340.00
191.00 340.00
191.00 340.00
191.00 339.00
191.00 339.00
191.00 339.00
191.00 339.00
191.00 339.00
191.00 339.00
191.00 339.00
191.00 339.00
191.00 339.00
191.00 339.00
191.00 339.00
192.00 338.00
192.00 338.00
192.00 338.00
192.00 338.00
192.00 338.00
192.00 338.00
192.00 338.00
192.00 338.00
192.00 337.00
192.00 337.00
193.00 337.00
193.00 337.00
193.00 337.00
193.00 337.00
193.00 337.00
193.00 337.00
193.00 336.00
193.00 336.00
194.00 336.00
194.00 336.00
194.00 336.00
194.00 336.00
194.00 335.00
194.00 335.00
194.00 335.00
195.00 335.00
195.00 335.00
195.00 335.00
195.00 334.00
195.00 334.00
195.00 334.00
195.00 334.00
196.00 334.00
196.00 333.00
196.00 333.00
196.00 333.00
196.00 333.00
196.00 333.00
197.00 332.00
197.00 332.00
197.00 332.00
197.00 332.00
197.00 331.00
198.00 331.00
198.00 331.00
198.00 331.00
198.00 331.00
198.00 330.00
198.00 330.00
199.00 330.00
199.00 330.00
199.00 329.00
199.00 329.00
199.00 329.00
200.00 329.00
200.00 328.00
200.00 328.00
200.00 328.00
201.00 328.00
201.00 327.00
201.00 327.00
201.00 327.00
201.00 326.00
202.00 326.00
202.00 326.00
202.00 326.00
202.00 325.00
203.00 325.00
203.00 325.00
203.00 324.00
203.00 324.00
204.00 324.00
204.00 324.00
204.00 323.00
204.00 323.00
205.00 323.00
205.00 322.00
205.00 322.00
205.00 322.00
206.00 321.00
206.00 321.00
206.00 321.00
206.00 320.00
207.00 320.00
207.00 320.00
207.00 319.00
207.00 319.00
208.00 319.00
208.00 318.00
208.00 318.00
209.00 318.00
209.00 317.00
209.00 317.00
209.00 316.00
210.00 316.00
210.00 316.00
210.00 315.00
211.00 315.00
211.00 315.00
211.00 314.00
212.00 314.00
212.00 313.00
212.00 313.00
212.00 313.00
213.00 312.00
213.00 312.00
213.00 312.00
214.00 311.00
214.00 311.00
214.00 310.00
215.00 310.00
215.00 309.00
215.00 309.00
216.00 309.00
216.00 308.00
216.00 308.00
217.00 307.00
217.00 307.00
217.00 307.00
218.00 306.00
218.00 306.00
218.00 305.00
219.00 305.00
219.00 304.00
219.00 304.00
220.00 303.00
220.00 303.00
220.00 303.00
220.00 303.00
220.00 304.00
219.00 304.00
219.00 304.00
219.00 304.00
219.00 304.00
219.00 304.00
219.00 305.00
219.00 305.00
219.00 305.00
219.00 305.00
218.00 305.00
218.00 305.00
218.00 305.00
218.00 306.00
218.00 306.00
218.00 306.00
218.00 306.00
218.00 306.00
218.00 306.00
217.00 306.00
217.00 307.00
217.00 307.00
217.00 307.00
217.00 307.00
217.00 307.00
217.00 307.00
217.00 307.00
217.00 307.00
217.00 308.00
216.00 308.00
216.00 308.00
216.00 308.00
216.00 308.00
216.00 308.00
216.00 308.00
216.00 308.00
216.00 308.00
216.00 309.00
216.00 309.00
216.00 309.00
216.00 309.00
216.00 309.00
215.00 309.00
215.00 309.00
215.00 309.00
215.00 309.00
215.00 309.00
215.00 309.00
215.00 310.00
215.00 310.00
215.00 310.00
215.00 310.00
215.00 310.00
215.00 310.00
215.00 310.00
215.00 310.00
215.00 310.00
215.00 310.00
215.00 310.00
214.00 310.00
214.00 310.00
214.00 310.00
214.00 310.00
214.00 311.00
214.00 311.00
214.00 311.00
214.00 311.00
214.00 311.00
214.00 311.00
214.00 311.00
214.00 311.00
214.00 311.00
214.00 311.00
214.00 311.00
214.00 311.00
214.00 311.00
214.00 311.00
214.00 311.00
214.00 311.00
214.00 311.00
214.00 311.00
214.00 311.00
214.00 311.00
214.00 311.00
214.00 311.00
214.00 311.00
214.00 311.00
214.00 311.00
214.00 311.00
214.00 311.00
214.00 311.00
214.00 311.00
214.00 311.00
214.00 311.00
214.00 311.00
214.00 311.00
214.00 311.00
214.00 311.00
214.00 311.00
214.00 311.00
214.00 311.00
214.00 311.00
214.00 311.00
214.00 311.00
214.00 311.00
208.00 319.00
202.00 326.00
196.00 333.00
191.00 340.00
185.00 346.00
180.00 352.00
175.00 358.00
170.00 363.00
165.00 369.00
161.00 374.00
156.00 378.00
152.00 383.00
148.00 387.00
144.00 391.00
140.00 395.00
137.00 398.00
133.00 402.00
130.00 405.00
127.00 408.00
124.00 411.00
121.00 414.00
118.00 417.00
115.00 419.00
112.00 422.00
110.00 424.00
107.00 426.00
105.00 428.00
103.00 430.00
101.00 432.00
98.00 434.00
96.00 436.00
95.00 437.00
93.00 439.00
91.00 440.00
89.00 442.00
87.00 443.00
86.00 445.00
84.00 446.00
83.00 447.00
81.00 448.00
80.00 450.00
78.00 451.00
77.00 452.00
76.00 453.00
75.00 454.00
73.00 455.00
72.00 456.00
71.00 457.00
70.00 458.00
69.00 458.00
68.00 459.00
67.00 460.00
67.00 460.00
67.00 460.00
67.00 460.00
68.00 460.00
68.00 459.00
68.00 459.00
68.00 459.00
68.00 459.00
68.00 459.00
69.00 459.00
69.00 459.00
69.00 458.00
69.00 458.00
69.00 458.00
69.00 458.00
70.00 458.00
70.00 458.00
70.00 458.00
70.00 457.00
70.00 457.00
71.00 457.00
71.00 457.00
71.00 457.00
71.00 457.00
71.00 456.00
72.00 456.00
72.00 456.00
72.00 456.00
72.00 456.00
73.00 456.00
73.00 455.00
73.00 455.00
73.00 455.00
74.00 455.00
74.00 455.00
74.00 454.00
74.00 454.00
75.00 454.00
75.00 454.00
75.00 453.00
75.00 453.00
76.00 453.00
76.00 453.00
76.00 452.00
77.00 452.00
77.00 452.00
77.00 452.00
78.00 451.00
78.00 451.00
78.00 451.00
79.00 451.00
79.00 450.00
79.00 450.00
80.00 450.00
80.00 450.00
80.00 449.00
81.00 449.00
81.00 449.00
81.00 448.00
82.00 448.00
82.00 448.00
83.00 447.00
83.00 447.00
83.00 447.00
84.00 446.00
84.00 446.00
85.00 446.00
85.00 445.00
85.00 445.00
86.00 445.00
86.00 444.00
87.00 444.00
87.00 444.00
88.00 443.00
88.00 443.00
89.00 442.00
89.00 442.00
90.00 442.00
90.00 441.00
91.00 441.00
91.00 440.00
92.00 440.00
92.00 439.00
93.00 439.00
93.00 438.00
94.00 438.00
95.00 437.00
95.00 437.00
96.00 436.00
96.00 436.00
97.00 435.00
98.00 435.00
98.00 434.00
99.00 434.00
99.00 433.00
100.00 433.00
101.00 432.00
101.00 431.00
102.00 431.00
103.00 430.00
104.00 430.00
104.00 429.00
105.00 428.00
106.00 428.00
107.00 427.00
107.00 426.00
108.00 426.00
109.00 425.00
110.00 424.00
111.00 423.00
111.00 423.00
112.00 422.00
113.00 421.00
114.00 420.00
115.00 420.00
116.00 419.00
117.00 418.00
118.00 417.00
119.00 416.00
120.00 415.00
121.00 414.00
122.00 413.00
123.00 412.00
124.00 412.00
125.00 411.00
126.00 410.00
127.00 408.00
128.00 407.00
129.00 406.00
130.00 405.00
131.00 404.00
133.00 403.00
134.00 402.00
135.00 401.00
136.00 399.00
137.00 398.00
139.00 397.00
140.00 396.00
141.00 394.00
143.00 393.00
144.00 392.00
146.00 390.00
147.00 389.00
148.00 387.00
150.00 386.00
151.00 384.00
153.00 383.00
154.00 381.00
156.00 380.00
157.00 378.00
159.00 376.00
161.00 375.00
162.00 373.00
164.00 371.00
164.00 371.00
164.00 371.00
164.00 371.00
164.00 372.00
163.00 372.00
163.00 372.00
163.00 372.00
163.00 372.00
163.00 372.00
163.00 372.00
163.00 372.00
163.00 372.00
163.00 373.00
162.00 373.00
162.00 373.00
162.00 373.00
162.00 373.00
162.00 373.00
162.00 373.00
162.00 373.00
162.00 373.00
162.00 373.00
162.00 373.00
162.00 374.00
162.00 374.00
162.00 374.00
162.00 374.00
162.00 374.00
161.00 374.00
161.00 374.00
161.00 374.00
161.00 374.00
161.00 374.00
161.00 374.00
161.00 374.00
161.00 374.00
161.00 374.00
161.00 374.00
161.00 374.00
161.00 374.00
161.00 374.00
161.00 374.00
161.00 374.00
161.00 374.00
161.00 374.00
161.00 374.00
161.00 374.00
161.00 374.00
161.00 374.00
161.00 374.00
161.00 374.00
161.00 374.00
161.00 374.00
161.00 374.00
161.00 374.00
161.00 374.00
161.00 374.00
161.00 374.00
161.00 374.00
161.00 374.00
161.00 374.00
162.00 374.00
162.00 374.00
162.00 374.00
162.00 374.00
162.00 374.00
162.00 374.00
162.00 373.00
162.00 373.00
162.00 373.00
162.00 373.00
162.00 373.00
162.00 373.00
162.00 373.00
162.00 373.00
162.00 373.00
163.00 373.00
163.00 373.00
163.00 373.00
163.00 372.00
163.00 372.00
163.00 372.00
163.00 372.00
163.00 372.00
163.00 372.00
163.00 372.00
164.00 372.00
164.00 372.00
164.00 371.00
164.00 371.00
164.00 371.00
164.00 371.00
164.00 371.00
164.00 371.00
165.00 371.00
165.00 370.00
165.00 370.00
165.00 370.00
165.00 370.00
165.00 370.00
166.00 370.00
166.00 369.00
166.00 369.00
166.00 369.00
165.00 370.00
164.00 371.00
163.00 372.00
162.00 374.00
161.00 375.00
160.00 376.00
159.00 377.00
158.00 378.00
157.00 379.00
156.00 380.00
155.00 381.00
154.00 382.00
153.00 383.00
152.00 384.00
151.00 385.00
150.00 386.00
149.00 387.00
148.00 388.00
148.00 389.00
147.00 389.00
146.00 390.00
145.00 391.00
144.00 392.00
143.00 393.00
143.00 394.00
142.00 394.00
141.00 395.00
140.00 396.00
139.00 397.00
139.00 398.00
138.00 398.00
137.00 399.00
136.00 400.00
136.00 400.00
135.00 401.00
134.00 402.00
133.00 403.00
133.00 403.00
132.00 404.00
131.00 405.00
131.00 405.00
130.00 406.00
129.00 406.00
129.00 407.00
128.00 408.00
128.00 408.00
127.00 409.00
126.00 409.00
126.00 410.00
125.00 411.00
125.00 411.00
124.00 412.00
123.00 412.00
123.00 413.00
122.00 413.00
122.00 414.00
121.00 414.00
121.00 415.00
120.00 415.00
120.00 416.00
119.00 416.00
118.00 417.00
118.00 417.00
117.00 418.00
117.00 418.00
116.00 419.00
116.00 419.00
116.00 419.00
115.00 420.00
115.00 420.00
114.00 421.00
114.00 421.00
113.00 421.00
113.00 422.00
112.00 422.00
112.00 423.00
112.00 423.00
111.00 423.00
111.00 424.00
110.00 424.00
110.00 424.00
110.00 425.00
109.00 425.00
109.00 426.00
108.00 426.00
108.00 426.00
108.00 427.00
107.00 427.00
107.00 427.00
107.00 427.00
106.00 428.00
106.00 428.00
106.00 428.00
105.00 429.00
105.00 429.00
105.00 429.00
104.00 430.00
104.00 430.00
104.00 430.00
103.00 430.00
103.00 431.00
103.00 431.00
102.00 431.00
102.00 431.00
102.00 432.00
102.00 432.00
101.00 432.00
101.00 432.00
101.00 433.00
100.00 433.00
100.00 433.00
100.00 433.00
100.00 433.00
99.00 434.00
99.00 434.00
99.00 434.00
99.00 434.00
99.00 434.00
98.00 435.00
98.00 435.00
98.00 435.00
98.00 435.00
97.00 435.00
97.00 436.00
97.00 436.00
97.00 436.00
97.00 436.00
96.00 436.00
96.00 436.00
96.00 437.00
96.00 437.00
96.00 437.00
96.00 437.00
95.00 437.00
95.00 437.00
95.00 437.00
95.00 438.00
95.00 438.00
95.00 438.00
94.00 438.00
94.00 438.00
94.00 438.00
94.00 438.00
94.00 439.00
94.00 439.00
94.00 439.00
93.00 439.00
93.00 439.00
93.00 439.00
93.00 439.00
93.00 439.00
93.00 439.00
93.00 439.00
93.00 440.00
92.00 440.00
92.00 440.00
92.00 440.00
92.00 440.00
92.00 440.00
92.00 440.00
92.00 440.00
92.00 440.00
92.00 440.00
92.00 440.00
92.00 440.00
91.00 440.00
91.00 441.00
91.00 441.00
91.00 441.00
91.00 441.00
91.00 441.00
91.00 441.00
91.00 441.00
91.00 441.00
91.00 441.00
91.00 441.00
91.00 441.00
91.00 441.00
91.00 441.00
91.00 441.00
91.00 441.00
91.00 441.00
91.00 441.00
91.00 441.00
91.00 441.00
91.00 441.00
91.00 441.00
91.00 441.00
91.00 441.00
91.00 441.00
91.00 441.00
91.00 441.00
91.00 441.00
91.00 441.00
91.00 441.00
91.00 441.00
