172.00 352.00
172.00 352.00
172.00 352.00
172.00 351.00
172.00 351.00
172.00 351.00
172.00 351.00
172.00 351.00
172.00 351.00
172.00 351.00
172.00 351.00
172.00 351.00
172.00 351.00
172.00 351.00
172.00 351.00
172.00 351.00
172.00 351.00
172.00 351.00
172.00 351.00
173.00 351.00
173.00 350.00
173.00 350.00
173.00 350.00
173.00 350.00
173.00 350.00
173.00 350.00
173.00 350.00
173.00 350.00
173.00 350.00
173.00 350.00
174.00 349.00
174.00 349.00
174.00 349.00
174.00 349.00
174.00 349.00
174.00 349.00
174.00 349.00
174.00 349.00
174.00 348.00
175.00 348.00
175.00 348.00
175.00 348.00
175.00 348.00
175.00 348.00
175.00 348.00
175.00 347.00
175.00 347.00
176.00 347.00
176.00 347.00
176.00 347.00
176.00 347.00
176.00 346.00
176.00 346.00
177.00 346.00
177.00 346.00
177.00 346.00
177.00 345.00
177.00 345.00
177.00 345.00
178.00 345.00
178.00 345.00
178.00 344.00
178.00 344.00
178.00 344.00
178.00 344.00
179.00 344.00
179.00 343.00
179.00 343.00
179.00 343.00
179.00 343.00
180.00 342.00
180.00 342.00
180.00 342.00
180.00 342.00
181.00 342.00
181.00 341.00
181.00 341.00
181.00 341.00
181.00 340.00
182.00 340.00
182.00 340.00
182.00 340.00
182.00 339.00
183.00 339.00
183.00 339.00
183.00 339.00
183.00 338.00
184.00 338.00
184.00 338.00
184.00 337.00
184.00 337.00
185.00 337.00
185.00 337.00
185.00 336.00
186.00 336.00
186.00 336.00
186.00 335.00
186.00 335.00
187.00 335.00
187.00 334.00
187.00 334.00
187.00 334.00
188.00 333.00
188.00 333.00
188.00 333.00
189.00 332.00
189.00 332.00
189.00 333.00
188.00 333.00
188.00 334.00
187.00 334.00
187.00 335.00
186.00 335.00
186.00 335.00
186.00 336.00
185.00 336.00
185.00 337.00
184.00 337.00
184.00 338.00
184.00 338.00
183.00 339.00
183.00 339.00
182.00 340.00
182.00 340.00
182.00 341.00
181.00 341.00
181.00 341.00
181.00 342.00
180.00 342.00
180.00 343.00
180.00 343.00
179.00 344.00
179.00 344.00
178.00 344.00
178.00 345.00
178.00 345.00
177.00 346.00
177.00 346.00
177.00 346.00
176.00 347.00
176.00 347.00
176.00 347.00
176.00 348.00
175.00 348.00
175.00 349.00
175.00 349.00
174.00 349.00
174.00 350.00
174.00 350.00
173.00 350.00
173.00 351.00
173.00 351.00
173.00 351.00
172.00 352.00
172.00 352.00
172.00 352.00
171.00 353.00
171.00 353.00
171.00 353.00
171.00 354.00
170.00 354.00
170.00 354.00
170.00 354.00
170.00 355.00
169.00 355.00
169.00 355.00
169.00 356.00
169.00 356.00
168.00 356.00
168.00 356.00
168.00 357.00
168.00 357.00
167.00 357.00
167.00 357.00
167.00 358.00
167.00 358.00
167.00 358.00
166.00 358.00
166.00 359.00
166.00 359.00
166.00 359.00
166.00 359.00
165.00 360.00
165.00 360.00
165.00 360.00
166.00 359.00
167.00 358.00
168.00 357.00
169.00 355.00
170.00 354.00
172.00 353.00
173.00 352.00
174.00 350.00
175.00 349.00
176.00 348.00
177.00 347.00
178.00 345.00
180.00 344.00
181.00 343.00
182.00 341.00
183.00 340.00
185.00 339.00
186.00 337.00
187.00 336.00
188.00 334.00
190.00 333.00
191.00 331.00
192.00 330.00
194.00 328.00
195.00 327.00
196.00 325.00
198.00 324.00
199.00 322.00
200.00 321.00
202.00 319.00
203.00 317.00
204.00 316.00
206.00 314.00
207.00 313.00
209.00 311.00
210.00 309.00
212.00 307.00
213.00 306.00
214.00 304.00
216.00 302.00
217.00 301.00
219.00 299.00
220.00 297.00
222.00 295.00
223.00 293.00
225.00 292.00
226.00 290.00
228.00 288.00
228.00 288.00
228.00 288.00
228.00 288.00
228.00 288.00
228.00 288.00
228.00 288.00
228.00 288.00
228.00 288.00
228.00 288.00
228.00 288.00
228.00 288.00
228.00 288.00
228.00 288.00
228.00 288.00
228.00 288.00
228.00 288.00
228.00 288.00
228.00 288.00
228.00 288.00
228.00 288.00
228.00 288.00
228.00 288.00
228.00 288.00
228.00 288.00
228.00 288.00
228.00 288.00
228.00 288.00
228.00 288.00
228.00 288.00
228.00 288.00
228.00 288.00
228.00 288.00
228.00 288.00
228.00 288.00
228.00 288.00
228.00 288.00
228.00 288.00
228.00 288.00
228.00 288.00
228.00 288.00
228.00 288.00
228.00 288.00
228.00 288.00
228.00 288.00
228.00 288.00
228.00 288.00
228.00 288.00
228.00 288.00
228.00 288.00
228.00 288.00
228.00 288.00
228.00 288.00
228.00 287.00
228.00 287.00
228.00 287.00
228.00 287.00
228.00 287.00
228.00 287.00
228.00 287.00
228.00 287.00
228.00 287.00
228.00 287.00
228.00 287.00
228.00 287.00
229.00 287.00
229.00 287.00
229.00 287.00
229.00 287.00
229.00 287.00
229.00 287.00
229.00 287.00
229.00 286.00
229.00 286.00
229.00 286.00
229.00 286.00
229.00 286.00
229.00 286.00
229.00 286.00
229.00 286.00
229.00 286.00
229.00 286.00
229.00 286.00
229.00 286.00
229.00 286.00
230.00 286.00
230.00 285.00
230.00 285.00
230.00 285.00
230.00 285.00
230.00 285.00
230.00 285.00
230.00 285.00
230.00 285.00
229.00 286.00
229.00 286.00
229.00 286.00
229.00 287.00
228.00 287.00
228.00 287.00
228.00 288.00
227.00 288.00
227.00 288.00
227.00 289.00
227.00 289.00
226.00 289.00
226.00 290.00
226.00 290.00
225.00 290.00
225.00 291.00
225.00 291.00
225.00 291.00
224.00 292.00
224.00 292.00
224.00 292.00
224.00 293.00
223.00 293.00
223.00 293.00
223.00 294.00
223.00 294.00
222.00 294.00
222.00 295.00
222.00 295.00
222.00 295.00
221.00 295.00
221.00 296.00
221.00 296.00
221.00 296.00
220.00 297.00
220.00 297.00
220.00 297.00
220.00 298.00
219.00 298.00
219.00 298.00
219.00 298.00
219.00 299.00
218.00 299.00
218.00 299.00
218.00 299.00
218.00 300.00
217.00 300.00
217.00 300.00
217.00 301.00
217.00 301.00
217.00 301.00
216.00 301.00
216.00 302.00
216.00 302.00
216.00 302.00
215.00 302.00
215.00 303.00
215.00 303.00
215.00 303.00
215.00 303.00
214.00 304.00
214.00 304.00
214.00 304.00
214.00 304.00
214.00 305.00
213.00 305.00
213.00 305.00
213.00 305.00
213.00 306.00
213.00 306.00
212.00 306.00
212.00 306.00
212.00 306.00
212.00 307.00
212.00 307.00
212.00 307.00
211.00 307.00
211.00 308.00
211.00 308.00
211.00 308.00
211.00 308.00
211.00 308.00
210.00 309.00
210.00 309.00
210.00 309.00
210.00 309.00
211.00 308.00
211.00 308.00
212.00 307.00
212.00 307.00
212.00 306.00
213.00 306.00
213.00 305.00
214.00 305.00
214.00 304.00
214.00 304.00
215.00 303.00
215.00 303.00
216.00 302.00
216.00 302.00
216.00 301.00
217.00 300.00
217.00 300.00
218.00 299.00
218.00 299.00
219.00 298.00
219.00 298.00
219.00 297.00
220.00 297.00
220.00 296.00
221.00 296.00
221.00 295.00
222.00 295.00
222.00 294.00
222.00 294.00
222.00 294.00
222.00 294.00
222.00 294.00
222.00 295.00
222.00 295.00
221.00 295.00
221.00 295.00
221.00 295.00
221.00 295.00
221.00 295.00
221.00 295.00
221.00 295.00
221.00 295.00
221.00 295.00
221.00 296.00
221.00 296.00
221.00 296.00
221.00 296.00
221.00 296.00
221.00 296.00
221.00 296.00
221.00 296.00
221.00 296.00
220.00 296.00
220.00 296.00
220.00 296.00
220.00 296.00
220.00 296.00
220.00 297.00
220.00 297.00
220.00 297.00
220.00 297.00
220.00 297.00
220.00 297.00
220.00 297.00
220.00 297.00
220.00 297.00
220.00 297.00
220.00 297.00
220.00 297.00
220.00 297.00
220.00 297.00
220.00 297.00
220.00 297.00
220.00 297.00
220.00 297.00
220.00 297.00
220.00 297.00
220.00 297.00
220.00 298.00
220.00 298.00
220.00 298.00
220.00 298.00
220.00 298.00
220.00 298.00
220.00 298.00
220.00 298.00
220.00 298.00
220.00 298.00
220.00 298.00
220.00 298.00
220.00 298.00
220.00 298.00
220.00 298.00
220.00 298.00
220.00 298.00
220.00 298.00
220.00 298.00
220.00 298.00
220.00 298.00
220.00 298.00
220.00 298.00
220.00 298.00
220.00 298.00
220.00 298.00
220.00 298.00
220.00 298.00
220.00 298.00
220.00 298.00
220.00 298.00
220.00 298.00
220.00 298.00
220.00 298.00
220.00 298.00
220.00 298.00
220.00 298.00
220.00 298.00
220.00 298.00
220.00 298.00
220.00 298.00
220.00 297.00
220.00 297.00
220.00 297.00
221.00 297.00
221.00 297.00
221.00 297.00
221.00 297.00
221.00 297.00
221.00 297.00
221.00 297.00
221.00 297.00
221.00 297.00
221.00 297.00
220.00 298.00
219.00 299.00
218.00 300.00
217.00 301.00
216.00 302.00
215.00 303.00
215.00 304.00
214.00 305.00
213.00 306.00
212.00 307.00
211.00 308.00
210.00 309.00
209.00 310.00
208.00 311.00
207.00 312.00
207.00 313.00
206.00 314.00
205.00 315.00
204.00 316.00
203.00 316.00
202.00 317.00
201.00 318.00
201.00 319.00
200.00 320.00
199.00 321.00
199.00 321.00
199.00 321.00
199.00 321.00
200.00 320.00
200.00 320.00
200.00 320.00
200.00 320.00
200.00 320.00
200.00 320.00
201.00 319.00
201.00 319.00
201.00 319.00
201.00 319.00
201.00 319.00
201.00 319.00
202.00 318.00
202.00 318.00
202.00 318.00
202.00 318.00
202.00 318.00
203.00 317.00
203.00 317.00
203.00 317.00
203.00 317.00
203.00 317.00
204.00 316.00
204.00 316.00
204.00 316.00
204.00 317.00
203.00 317.00
203.00 318.00
202.00 318.00
202.00 319.00
201.00 319.00
201.00 320.00
200.00 320.00
200.00 321.00
199.00 321.00
199.00 322.00
199.00 322.00
198.00 323.00
198.00 323.00
197.00 324.00
197.00 324.00
196.00 325.00
196.00 325.00
196.00 326.00
195.00 326.00
195.00 327.00
194.00 327.00
194.00 328.00
194.00 328.00
193.00 328.00
193.00 329.00
192.00 329.00
192.00 330.00
192.00 330.00
191.00 331.00
191.00 331.00
190.00 331.00
190.00 332.00
190.00 332.00
189.00 333.00
189.00 333.00
189.00 334.00
188.00 334.00
188.00 334.00
187.00 335.00
187.00 335.00
187.00 336.00
186.00 336.00
186.00 336.00
186.00 337.00
185.00 337.00
185.00 337.00
185.00 338.00
184.00 338.00
184.00 339.00
184.00 339.00
183.00 339.00
183.00 340.00
183.00 340.00
182.00 340.00
182.00 341.00
182.00 341.00
182.00 341.00
181.00 342.00
181.00 342.00
181.00 342.00
180.00 343.00
180.00 343.00
180.00 343.00
179.00 344.00
179.00 344.00
179.00 344.00
179.00 345.00
178.00 345.00
178.00 345.00
178.00 345.00
178.00 346.00
177.00 346.00
177.00 346.00
177.00 347.00
177.00 347.00
176.00 347.00
176.00 347.00
176.00 348.00
176.00 348.00
175.00 348.00
175.00 348.00
175.00 349.00
175.00 349.00
174.00 349.00
174.00 349.00
174.00 350.00
174.00 350.00
174.00 350.00
173.00 350.00
173.00 351.00
173.00 351.00
173.00 351.00
173.00 351.00
172.00 351.00
172.00 352.00
172.00 352.00
172.00 352.00
172.00 352.00
171.00 352.00
171.00 353.00
171.00 353.00
171.00 353.00
171.00 353.00
171.00 353.00
170.00 354.00
170.00 354.00
170.00 354.00
170.00 354.00
170.00 354.00
170.00 354.00
169.00 355.00
169.00 355.00
169.00 355.00
169.00 355.00
169.00 355.00
169.00 355.00
169.00 355.00
168.00 356.00
168.00 356.00
168.00 356.00
168.00 356.00
168.00 356.00
168.00 356.00
168.00 356.00
168.00 356.00
168.00 357.00
167.00 357.00
167.00 357.00
167.00 357.00
167.00 357.00
167.00 357.00
167.00 357.00
167.00 357.00
167.00 357.00
167.00 357.00
167.00 358.00
167.00 358.00
167.00 358.00
166.00 358.00
166.00 358.00
166.00 358.00
166.00 358.00
166.00 358.00
166.00 358.00
166.00 358.00
166.00 358.00
166.00 358.00
166.00 358.00
166.00 358.00
166.00 358.00
166.00 358.00
166.00 359.00
166.00 359.00
166.00 359.00
166.00 359.00
166.00 359.00
166.00 359.00
166.00 359.00
166.00 359.00
166.00 359.00
166.00 359.00
166.00 359.00
166.00 359.00
166.00 359.00
166.00 359.00
166.00 359.00
166.00 359.00
166.00 359.00
166.00 359.00
166.00 359.00
166.00 359.00
166.00 359.00
166.00 359.00
166.00 359.00
166.00 359.00
166.00 359.00
166.00 358.00
166.00 358.00
166.00 358.00
166.00 358.00
166.00 358.00
166.00 358.00
166.00 358.00
166.00 358.00
166.00 358.00
166.00 358.00
166.00 358.00
166.00 358.00
166.00 358.00
167.00 358.00
167.00 358.00
167.00 358.00
167.00 357.00
167.00 357.00
167.00 357.00
167.00 357.00
167.00 357.00
167.00 357.00
167.00 357.00
167.00 357.00
168.00 357.00
168.00 357.00
168.00 356.00
168.00 356.00
168.00 356.00
168.00 356.00
168.00 356.00
168.00 356.00
168.00 356.00
169.00 356.00
169.00 355.00
169.00 355.00
169.00 355.00
169.00 355.00
169.00 355.00
169.00 355.00
170.00 355.00
170.00 354.00
170.00 354.00
170.00 354.00
170.00 354.00
170.00 354.00
170.00 354.00
171.00 353.00
171.00 353.00
171.00 353.00
171.00 353.00
171.00 353.00
172.00 352.00
172.00 352.00
172.00 352.00
172.00 352.00
172.00 352.00
172.00 351.00
173.00 351.00
173.00 351.00
173.00 351.00
173.00 351.00
173.00 350.00
174.00 350.00
174.00 350.00
174.00 350.00
174.00 349.00
175.00 349.00
175.00 349.00
175.00 349.00
175.00 348.00
175.00 348.00
176.00 348.00
176.00 348.00
176.00 347.00
176.00 347.00
177.00 347.00
177.00 347.00
177.00 346.00
177.00 346.00
178.00 346.00
178.00 345.00
178.00 345.00
179.00 345.00
179.00 345.00
179.00 344.00
179.00 344.00
180.00 344.00
180.00 343.00
180.00 343.00
181.00 343.00
181.00 342.00
181.00 342.00
181.00 342.00
182.00 341.00
182.00 341.00
182.00 341.00
183.00 340.00
183.00 340.00
183.00 340.00
184.00 339.00
184.00 339.00
184.00 339.00
185.00 338.00
185.00 338.00
185.00 337.00
186.00 337.00
186.00 337.00
186.00 336.00
187.00 336.00
187.00 336.00
187.00 335.00
188.00 335.00
188.00 334.00
188.00 334.00
189.00 334.00
189.00 333.00
189.00 333.00
190.00 332.00
190.00 332.00
191.00 331.00
191.00 331.00
191.00 331.00
190.00 332.00
190.00 332.00
190.00 332.00
189.00 333.00
189.00 333.00
189.00 333.00
188.00 334.00
188.00 334.00
188.00 334.00
188.00 335.00
187.00 335.00
187.00 335.00
187.00 336.00
186.00 336.00
186.00 336.00
186.00 337.00
186.00 337.00
185.00 337.00
185.00 338.00
185.00 338.00
185.00 338.00
184.00 338.00
184.00 339.00
184.00 339.00
183.00 339.00
183.00 339.00
183.00 340.00
183.00 340.00
182.00 340.00
182.00 341.00
182.00 341.00
182.00 341.00
182.00 341.00
181.00 342.00
181.00 342.00
181.00 342.00
181.00 342.00
180.00 343.00
180.00 343.00
180.00 343.00
180.00 343.00
180.00 343.00
179.00 344.00
179.00 344.00
179.00 344.00
179.00 344.00
179.00 344.00
178.00 345.00
178.00 345.00
178.00 345.00
178.00 345.00
178.00 345.00
177.00 346.00
177.00 346.00
177.00 346.00
177.00 346.00
177.00 346.00
177.00 347.00
176.00 347.00
176.00 347.00
176.00 347.00
176.00 347.00
176.00 347.00
176.00 348.00
176.00 348.00
175.00 348.00
175.00 348.00
175.00 348.00
175.00 348.00
175.00 348.00
175.00 349.00
175.00 349.00
174.00 349.00
174.00 349.00
174.00 349.00
174.00 349.00
174.00 349.00
174.00 349.00
174.00 350.00
174.00 350.00
174.00 350.00
173.00 350.00
173.00 350.00
173.00 350.00
173.00 350.00
173.00 350.00
173.00 350.00
173.00 350.00
173.00 351.00
173.00 351.00
173.00 351.00
173.00 351.00
173.00 351.00
172.00 351.00
172.00 351.00
172.00 351.00
172.00 351.00
172.00 351.00
172.00 351.00
172.00 351.00
172.00 351.00
172.00 351.00
172.00 351.00
172.00 351.00
172.00 351.00
172.00 352.00
172.00 352.00
172.00 352.00
172.00 352.00
172.00 352.00
172.00 352.00
172.00 352.00
172.00 352.00
172.00 352.00
172.00 352.00
172.00 352.00
172.00 352.00
172.00 352.00
172.00 352.00
172.00 352.00
172.00 352.00
172.00 352.00
172.00 352.00
172.00 352.00
172.00 352.00
172.00 352.00
172.00 352.00
