99.00 402.00
99.00 402.00
99.00 402.00
99.00 402.00
99.00 402.00
99.00 402.00
99.00 402.00
99.00 402.00
99.00 402.00
99.00 402.00
99.00 402.00
99.00 402.00
99.00 402.00
99.00 401.00
99.00 401.00
99.00 401.00
99.00 401.00
99.00 401.00
99.00 401.00
100.00 401.00
100.00 401.00
100.00 401.00
100.00 401.00
100.00 401.00
100.00 401.00
100.00 401.00
100.00 401.00
100.00 401.00
100.00 401.00
100.00 400.00
100.00 400.00
100.00 400.00
100.00 400.00
101.00 400.00
101.00 400.00
101.00 400.00
101.00 400.00
101.00 400.00
101.00 400.00
101.00 399.00
101.00 399.00
101.00 399.00
101.00 399.00
102.00 399.00
102.00 399.00
102.00 399.00
102.00 399.00
102.00 398.00
102.00 398.00
102.00 398.00
103.00 398.00
103.00 398.00
103.00 398.00
103.00 397.00
103.00 397.00
103.00 397.00
103.00 397.00
104.00 397.00
104.00 397.00
104.00 396.00
104.00 396.00
104.00 396.00
105.00 396.00
105.00 396.00
105.00 395.00
105.00 395.00
105.00 395.00
106.00 395.00
106.00 395.00
106.00 394.00
106.00 394.00
106.00 394.00
107.00 394.00
107.00 393.00
107.00 393.00
107.00 393.00
108.00 393.00
108.00 392.00
108.00 392.00
108.00 392.00
109.00 392.00
109.00 391.00
109.00 391.00
109.00 391.00
110.00 391.00
110.00 390.00
110.00 390.00
110.00 390.00
111.00 389.00
111.00 389.00
111.00 389.00
112.00 389.00
112.00 388.00
112.00 388.00
112.00 388.00
113.00 387.00
113.00 387.00
113.00 387.00
114.00 386.00
114.00 386.00
114.00 386.00
115.00 385.00
115.00 385.00
115.00 384.00
116.00 384.00
116.00 384.00
117.00 383.00
117.00 383.00
117.00 383.00
118.00 382.00
118.00 382.00
119.00 381.00
119.00 381.00
119.00 381.00
120.00 380.00
120.00 380.00
121.00 379.00
121.00 379.00
121.00 378.00
122.00 378.00
122.00 378.00
123.00 377.00
123.00 377.00
124.00 376.00
124.00 376.00
125.00 375.00
125.00 375.00
126.00 374.00
126.00 374.00
127.00 373.00
127.00 373.00
128.00 372.00
128.00 372.00
129.00 371.00
129.00 371.00
130.00 370.00
130.00 370.00
131.00 369.00
131.00 369.00
132.00 368.00
132.00 367.00
133.00 367.00
134.00 366.00
134.00 366.00
135.00 365.00
135.00 365.00
136.00 364.00
137.00 363.00
137.00 363.00
138.00 362.00
138.00 361.00
139.00 361.00
140.00 360.00
140.00 360.00
141.00 359.00
142.00 358.00
142.00 358.00
143.00 357.00
144.00 356.00
144.00 355.00
145.00 355.00
146.00 354.00
147.00 353.00
147.00 353.00
148.00 352.00
149.00 351.00
150.00 350.00
150.00 350.00
151.00 349.00
152.00 348.00
153.00 347.00
154.00 347.00
154.00 346.00
155.00 345.00
156.00 344.00
157.00 343.00
158.00 343.00
159.00 342.00
159.00 341.00
160.00 340.00
161.00 339.00
162.00 338.00
163.00 338.00
164.00 337.00
165.00 336.00
166.00 335.00
167.00 334.00
168.00 333.00
169.00 332.00
170.00 331.00
171.00 330.00
172.00 330.00
173.00 329.00
174.00 328.00
175.00 327.00
176.00 326.00
177.00 325.00
178.00 324.00
179.00 323.00
180.00 322.00
181.00 321.00
182.00 320.00
183.00 319.00
184.00 318.00
185.00 317.00
186.00 316.00
188.00 315.00
189.00 314.00
190.00 313.00
191.00 312.00
192.00 310.00
193.00 309.00
195.00 308.00
196.00 307.00
197.00 306.00
198.00 305.00
199.00 304.00
201.00 303.00
202.00 302.00
203.00 301.00
204.00 299.00
206.00 298.00
207.00 297.00
208.00 296.00
209.00 295.00
211.00 294.00
212.00 293.00
213.00 291.00
215.00 290.00
216.00 289.00
216.00 289.00
216.00 289.00
216.00 289.00
216.00 289.00
216.00 289.00
216.00 289.00
216.00 290.00
216.00 290.00
216.00 290.00
216.00 290.00
215.00 290.00
215.00 290.00
215.00 290.00
215.00 290.00
215.00 290.00
215.00 290.00
215.00 290.00
215.00 290.00
215.00 290.00
215.00 290.00
215.00 290.00
215.00 291.00
215.00 291.00
215.00 291.00
215.00 291.00
215.00 291.00
215.00 291.00
215.00 291.00
215.00 291.00
215.00 291.00
215.00 291.00
198.00 306.00
183.00 320.00
183.00 320.00
183.00 320.00
183.00 320.00
183.00 320.00
183.00 320.00
183.00 320.00
183.00 320.00
183.00 320.00
183.00 320.00
183.00 320.00
183.00 320.00
183.00 320.00
183.00 320.00
183.00 320.00
183.00 320.00
183.00 320.00
183.00 320.00
184.00 319.00
184.00 319.00
184.00 319.00
184.00 319.00
184.00 319.00
184.00 319.00
184.00 319.00
184.00 319.00
184.00 319.00
184.00 319.00
184.00 319.00
184.00 319.00
184.00 319.00
184.00 319.00
184.00 319.00
185.00 318.00
185.00 318.00
185.00 318.00
185.00 318.00
185.00 318.00
185.00 318.00
185.00 318.00
185.00 318.00
185.00 318.00
185.00 318.00
186.00 318.00
186.00 317.00
186.00 317.00
186.00 317.00
186.00 317.00
186.00 317.00
186.00 317.00
186.00 317.00
186.00 317.00
187.00 317.00
187.00 316.00
187.00 316.00
187.00 316.00
187.00 316.00
187.00 316.00
187.00 316.00
188.00 316.00
188.00 315.00
188.00 315.00
188.00 315.00
188.00 315.00
188.00 315.00
189.00 315.00
189.00 315.00
189.00 314.00
189.00 314.00
189.00 314.00
189.00 314.00
190.00 314.00
190.00 314.00
190.00 313.00
190.00 313.00
190.00 313.00
190.00 313.00
191.00 313.00
191.00 313.00
191.00 312.00
191.00 312.00
191.00 312.00
192.00 312.00
192.00 312.00
192.00 311.00
192.00 311.00
192.00 311.00
193.00 311.00
193.00 311.00
193.00 310.00
193.00 310.00
194.00 310.00
194.00 310.00
194.00 310.00
194.00 309.00
194.00 309.00
195.00 309.00
195.00 309.00
195.00 309.00
195.00 308.00
196.00 308.00
196.00 308.00
196.00 308.00
196.00 307.00
197.00 307.00
197.00 307.00
197.00 307.00
197.00 306.00
198.00 306.00
198.00 306.00
198.00 306.00
197.00 307.00
197.00 307.00
196.00 307.00
196.00 308.00
196.00 308.00
195.00 308.00
195.00 309.00
195.00 309.00
194.00 309.00
194.00 310.00
194.00 310.00
193.00 310.00
193.00 311.00
193.00 311.00
192.00 311.00
192.00 312.00
192.00 312.00
191.00 312.00
191.00 313.00
191.00 313.00
190.00 313.00
190.00 313.00
190.00 314.00
189.00 314.00
189.00 314.00
189.00 315.00
188.00 315.00
188.00 315.00
188.00 315.00
187.00 316.00
187.00 316.00
187.00 316.00
187.00 317.00
186.00 317.00
186.00 317.00
186.00 317.00
185.00 318.00
185.00 318.00
185.00 318.00
185.00 318.00
184.00 319.00
184.00 319.00
184.00 319.00
184.00 319.00
183.00 320.00
183.00 320.00
183.00 320.00
183.00 320.00
182.00 321.00
182.00 321.00
182.00 321.00
182.00 321.00
181.00 321.00
181.00 322.00
181.00 322.00
181.00 322.00
180.00 322.00
180.00 322.00
180.00 323.00
180.00 323.00
180.00 323.00
179.00 323.00
179.00 324.00
179.00 324.00
179.00 324.00
178.00 324.00
178.00 324.00
178.00 324.00
178.00 325.00
178.00 325.00
178.00 325.00
177.00 325.00
177.00 325.00
177.00 326.00
177.00 326.00
177.00 326.00
176.00 326.00
176.00 326.00
176.00 326.00
176.00 326.00
176.00 327.00
176.00 327.00
175.00 327.00
175.00 327.00
175.00 327.00
175.00 327.00
175.00 327.00
175.00 328.00
175.00 328.00
174.00 328.00
174.00 328.00
174.00 328.00
174.00 328.00
174.00 328.00
174.00 328.00
174.00 329.00
174.00 329.00
174.00 329.00
173.00 329.00
173.00 329.00
173.00 329.00
173.00 329.00
173.00 329.00
173.00 329.00
173.00 330.00
173.00 330.00
173.00 330.00
173.00 330.00
172.00 330.00
172.00 330.00
172.00 330.00
172.00 330.00
172.00 330.00
172.00 330.00
172.00 330.00
172.00 330.00
172.00 330.00
172.00 330.00
172.00 331.00
172.00 331.00
172.00 331.00
172.00 331.00
172.00 331.00
171.00 331.00
171.00 331.00
171.00 331.00
171.00 331.00
171.00 331.00
171.00 331.00
171.00 331.00
171.00 331.00
171.00 331.00
171.00 331.00
171.00 331.00
171.00 331.00
171.00 331.00
171.00 331.00
171.00 331.00
171.00 331.00
171.00 331.00
171.00 331.00
171.00 331.00
171.00 331.00
171.00 331.00
171.00 331.00
171.00 331.00
171.00 331.00
171.00 331.00
171.00 331.00
171.00 331.00
171.00 331.00
171.00 331.00
171.00 331.00
171.00 331.00
171.00 331.00
171.00 331.00
171.00 331.00
172.00 331.00
172.00 331.00
172.00 331.00
172.00 331.00
172.00 331.00
172.00 331.00
172.00 331.00
172.00 331.00
172.00 330.00
172.00 330.00
172.00 330.00
172.00 330.00
172.00 330.00
172.00 330.00
172.00 330.00
173.00 330.00
173.00 330.00
173.00 330.00
173.00 330.00
173.00 330.00
173.00 330.00
173.00 330.00
173.00 329.00
173.00 329.00
173.00 329.00
174.00 329.00
174.00 329.00
174.00 329.00
174.00 329.00
174.00 329.00
174.00 329.00
174.00 328.00
174.00 328.00
175.00 328.00
175.00 328.00
175.00 328.00
175.00 328.00
175.00 328.00
175.00 328.00
175.00 327.00
176.00 327.00
176.00 327.00
176.00 327.00
176.00 327.00
176.00 327.00
176.00 327.00
176.00 326.00
177.00 326.00
177.00 326.00
177.00 326.00
176.00 327.00
175.00 328.00
174.00 329.00
173.00 329.00
172.00 330.00
171.00 331.00
171.00 332.00
170.00 333.00
169.00 334.00
168.00 335.00
167.00 335.00
166.00 336.00
165.00 337.00
164.00 338.00
164.00 339.00
163.00 339.00
162.00 340.00
161.00 341.00
160.00 342.00
160.00 342.00
159.00 343.00
158.00 344.00
157.00 345.00
156.00 345.00
156.00 346.00
155.00 347.00
154.00 347.00
153.00 348.00
153.00 349.00
152.00 350.00
151.00 350.00
151.00 351.00
150.00 352.00
149.00 352.00
149.00 353.00
148.00 354.00
147.00 354.00
147.00 355.00
146.00 355.00
145.00 356.00
145.00 357.00
144.00 357.00
143.00 358.00
143.00 358.00
142.00 359.00
142.00 360.00
141.00 360.00
140.00 361.00
140.00 361.00
139.00 362.00
139.00 362.00
138.00 363.00
138.00 364.00
137.00 364.00
136.00 365.00
136.00 365.00
135.00 366.00
135.00 366.00
134.00 367.00
134.00 367.00
133.00 368.00
133.00 368.00
132.00 369.00
132.00 369.00
131.00 370.00
131.00 370.00
130.00 371.00
130.00 371.00
129.00 372.00
129.00 372.00
129.00 372.00
128.00 373.00
128.00 373.00
127.00 374.00
127.00 374.00
126.00 375.00
126.00 375.00
126.00 375.00
125.00 376.00
125.00 376.00
124.00 377.00
124.00 377.00
124.00 377.00
123.00 378.00
123.00 378.00
122.00 379.00
122.00 379.00
122.00 379.00
121.00 380.00
121.00 380.00
121.00 380.00
120.00 381.00
120.00 381.00
120.00 381.00
119.00 382.00
119.00 382.00
119.00 382.00
118.00 383.00
118.00 383.00
118.00 383.00
117.00 384.00
117.00 384.00
117.00 384.00
117.00 384.00
116.00 385.00
116.00 385.00
116.00 385.00
115.00 386.00
115.00 386.00
115.00 386.00
115.00 386.00
114.00 387.00
114.00 387.00
114.00 387.00
114.00 387.00
113.00 388.00
113.00 388.00
113.00 388.00
113.00 388.00
112.00 389.00
112.00 389.00
112.00 389.00
112.00 389.00
112.00 389.00
111.00 390.00
111.00 390.00
111.00 390.00
111.00 390.00
111.00 390.00
110.00 391.00
110.00 391.00
110.00 391.00
110.00 391.00
110.00 391.00
109.00 392.00
109.00 392.00
109.00 392.00
109.00 392.00
109.00 392.00
109.00 392.00
108.00 393.00
108.00 393.00
108.00 393.00
108.00 393.00
108.00 393.00
108.00 393.00
108.00 393.00
108.00 394.00
107.00 394.00
107.00 394.00
107.00 394.00
107.00 394.00
107.00 394.00
107.00 394.00
107.00 394.00
107.00 395.00
107.00 395.00
106.00 395.00
106.00 395.00
106.00 395.00
106.00 395.00
106.00 395.00
106.00 395.00
106.00 395.00
106.00 395.00
106.00 395.00
106.00 395.00
106.00 396.00
106.00 396.00
105.00 396.00
105.00 396.00
105.00 396.00
105.00 396.00
105.00 396.00
105.00 396.00
105.00 396.00
105.00 396.00
105.00 396.00
105.00 396.00
105.00 396.00
105.00 396.00
105.00 396.00
105.00 396.00
105.00 396.00
105.00 396.00
105.00 396.00
105.00 396.00
105.00 396.00
105.00 396.00
105.00 396.00
105.00 396.00
105.00 396.00
105.00 396.00
105.00 396.00
105.00 396.00
105.00 396.00
105.00 396.00
105.00 396.00
105.00 396.00
105.00 396.00
105.00 396.00
105.00 396.00
105.00 396.00
105.00 396.00
105.00 396.00
105.00 396.00
105.00 396.00
105.00 396.00
105.00 396.00
105.00 396.00
106.00 396.00
106.00 396.00
106.00 395.00
106.00 395.00
106.00 395.00
106.00 395.00
106.00 395.00
106.00 395.00
106.00 395.00
106.00 395.00
106.00 395.00
106.00 395.00
107.00 395.00
107.00 395.00
107.00 394.00
107.00 394.00
107.00 394.00
107.00 394.00
107.00 394.00
107.00 394.00
107.00 394.00
108.00 394.00
108.00 393.00
108.00 393.00
108.00 393.00
108.00 393.00
108.00 393.00
108.00 393.00
109.00 393.00
109.00 392.00
109.00 392.00
109.00 392.00
109.00 392.00
109.00 392.00
109.00 392.00
110.00 391.00
110.00 391.00
110.00 391.00
110.00 391.00
110.00 391.00
111.00 390.00
111.00 390.00
111.00 390.00
111.00 390.00
111.00 390.00
112.00 389.00
112.00 389.00
112.00 389.00
112.00 389.00
112.00 389.00
113.00 388.00
113.00 388.00
113.00 388.00
113.00 388.00
114.00 387.00
114.00 387.00
114.00 387.00
114.00 387.00
115.00 386.00
115.00 386.00
115.00 386.00
115.00 386.00
116.00 385.00
116.00 385.00
116.00 385.00
117.00 384.00
117.00 384.00
117.00 384.00
117.00 384.00
118.00 383.00
118.00 383.00
118.00 383.00
119.00 382.00
119.00 382.00
119.00 382.00
120.00 381.00
120.00 381.00
120.00 381.00
121.00 380.00
121.00 380.00
121.00 380.00
122.00 379.00
122.00 379.00
123.00 378.00
123.00 378.00
123.00 378.00
124.00 377.00
124.00 377.00
124.00 377.00
125.00 376.00
125.00 376.00
126.00 375.00
126.00 375.00
126.00 375.00
127.00 374.00
127.00 374.00
128.00 373.00
128.00 373.00
129.00 372.00
129.00 372.00
130.00 371.00
130.00 371.00
129.00 372.00
129.00 372.00
128.00 373.00
128.00 373.00
127.00 374.00
127.00 374.00
126.00 375.00
126.00 375.00
125.00 376.00
125.00 376.00
124.00 376.00
124.00 377.00
124.00 377.00
123.00 378.00
123.00 378.00
122.00 379.00
122.00 379.00
121.00 380.00
121.00 380.00
120.00 380.00
120.00 381.00
120.00 381.00
119.00 382.00
119.00 382.00
118.00 382.00
118.00 383.00
118.00 383.00
117.00 384.00
117.00 384.00
116.00 384.00
116.00 385.00
116.00 385.00
115.00 385.00
115.00 386.00
115.00 386.00
114.00 386.00
114.00 387.00
114.00 387.00
113.00 387.00
113.00 388.00
113.00 388.00
112.00 388.00
112.00 389.00
112.00 389.00
111.00 389.00
111.00 390.00
111.00 390.00
111.00 390.00
110.00 390.00
110.00 391.00
110.00 391.00
109.00 391.00
109.00 392.00
109.00 392.00
109.00 392.00
108.00 392.00
108.00 393.00
108.00 393.00
108.00 393.00
107.00 393.00
107.00 394.00
107.00 394.00
107.00 394.00
107.00 394.00
106.00 395.00
106.00 395.00
106.00 395.00
106.00 395.00
105.00 395.00
105.00 396.00
105.00 396.00
105.00 396.00
105.00 396.00
104.00 396.00
104.00 397.00
104.00 397.00
104.00 397.00
104.00 397.00
104.00 397.00
103.00 397.00
103.00 398.00
103.00 398.00
103.00 398.00
103.00 398.00
103.00 398.00
102.00 398.00
102.00 398.00
102.00 399.00
102.00 399.00
102.00 399.00
102.00 399.00
102.00 399.00
102.00 399.00
101.00 399.00
101.00 400.00
101.00 400.00
101.00 400.00
101.00 400.00
101.00 400.00
101.00 400.00
101.00 400.00
101.00 400.00
100.00 400.00
100.00 400.00
100.00 401.00
100.00 401.00
100.00 401.00
100.00 401.00
100.00 401.00
100.00 401.00
100.00 401.00
100.00 401.00
100.00 401.00
100.00 401.00
100.00 401.00
100.00 401.00
99.00 401.00
99.00 401.00
99.00 401.00
99.00 401.00
99.00 402.00
99.00 402.00
99.00 402.00
99.00 402.00
99.00 402.00
99.00 402.00
99.00 402.00
99.00 402.00
99.00 402.00
99.00 402.00
99.00 402.00
99.00 402.00
