225.00 294.00
225.00 294.00
225.00 294.00
225.00 294.00
225.00 294.00
225.00 294.00
225.00 294.00
225.00 294.00
225.00 294.00
225.00 294.00
225.00 294.00
225.00 294.00
225.00 294.00
225.00 294.00
225.00 293.00
225.00 293.00
225.00 293.00
225.00 293.00
225.00 293.00
225.00 293.00
225.00 293.00
225.00 293.00
225.00 293.00
225.00 293.00
225.00 293.00
225.00 293.00
225.00 293.00
225.00 293.00
225.00 293.00
225.00 293.00
225.00 293.00
226.00 293.00
226.00 292.00
226.00 292.00
226.00 292.00
226.00 292.00
226.00 292.00
226.00 292.00
226.00 292.00
226.00 292.00
226.00 292.00
226.00 292.00
226.00 292.00
226.00 292.00
226.00 292.00
226.00 292.00
226.00 291.00
226.00 291.00
226.00 291.00
226.00 291.00
227.00 291.00
227.00 291.00
227.00 291.00
227.00 291.00
227.00 291.00
227.00 291.00
227.00 291.00
227.00 290.00
227.00 290.00
227.00 290.00
227.00 290.00
227.00 290.00
227.00 290.00
227.00 290.00
228.00 290.00
228.00 290.00
228.00 289.00
228.00 289.00
228.00 289.00
228.00 289.00
228.00 289.00
228.00 289.00
227.00 290.00
227.00 290.00
227.00 291.00
226.00 291.00
226.00 292.00
226.00 292.00
225.00 292.00
225.00 293.00
225.00 293.00
224.00 294.00
224.00 294.00
224.00 294.00
223.00 295.00
223.00 295.00
223.00 296.00
222.00 296.00
222.00 296.00
222.00 297.00
221.00 297.00
221.00 297.00
221.00 298.00
220.00 298.00
220.00 299.00
220.00 299.00
220.00 299.00
219.00 300.00
219.00 300.00
219.00 300.00
218.00 301.00
218.00 301.00
218.00 302.00
217.00 302.00
217.00 302.00
217.00 303.00
217.00 303.00
216.00 303.00
216.00 304.00
216.00 304.00
215.00 304.00
215.00 305.00
215.00 305.00
215.00 305.00
214.00 306.00
214.00 306.00
214.00 306.00
213.00 307.00
213.00 307.00
213.00 307.00
213.00 308.00
212.00 308.00
212.00 308.00
212.00 309.00
212.00 309.00
211.00 309.00
211.00 310.00
211.00 310.00
211.00 310.00
210.00 311.00
210.00 311.00
210.00 311.00
210.00 311.00
209.00 312.00
209.00 312.00
209.00 312.00
209.00 313.00
208.00 313.00
208.00 313.00
208.00 313.00
208.00 314.00
207.00 314.00
207.00 314.00
207.00 315.00
207.00 315.00
207.00 315.00
206.00 315.00
206.00 316.00
206.00 316.00
206.00 316.00
205.00 316.00
205.00 317.00
205.00 317.00
205.00 317.00
205.00 317.00
204.00 318.00
204.00 318.00
204.00 318.00
204.00 318.00
204.00 319.00
203.00 319.00
203.00 319.00
203.00 319.00
203.00 319.00
203.00 320.00
202.00 320.00
202.00 320.00
202.00 320.00
202.00 321.00
202.00 321.00
202.00 321.00
201.00 321.00
201.00 321.00
201.00 322.00
201.00 322.00
201.00 322.00
201.00 322.00
200.00 322.00
200.00 322.00
200.00 323.00
200.00 323.00
200.00 323.00
200.00 323.00
200.00 323.00
199.00 324.00
199.00 324.00
199.00 324.00
199.00 324.00
199.00 324.00
199.00 324.00
199.00 325.00
198.00 325.00
198.00 325.00
198.00 325.00
198.00 325.00
198.00 325.00
198.00 325.00
198.00 326.00
198.00 326.00
197.00 326.00
197.00 326.00
197.00 326.00
197.00 326.00
197.00 326.00
197.00 326.00
197.00 327.00
197.00 327.00
197.00 327.00
197.00 327.00
196.00 327.00
196.00 327.00
196.00 327.00
196.00 327.00
196.00 327.00
196.00 328.00
196.00 328.00
196.00 328.00
196.00 328.00
196.00 328.00
196.00 328.00
196.00 328.00
196.00 328.00
195.00 328.00
195.00 328.00
195.00 328.00
195.00 328.00
195.00 329.00
195.00 329.00
195.00 329.00
195.00 329.00
195.00 329.00
195.00 329.00
195.00 329.00
195.00 329.00
195.00 329.00
195.00 329.00
195.00 329.00
195.00 329.00
195.00 329.00
195.00 329.00
195.00 329.00
195.00 329.00
195.00 329.00
195.00 329.00
195.00 329.00
195.00 329.00
194.00 329.00
194.00 329.00
194.00 329.00
194.00 329.00
194.00 329.00
194.00 330.00
194.00 330.00
194.00 330.00
194.00 330.00
194.00 330.00
194.00 330.00
194.00 330.00
194.00 329.00
194.00 329.00
194.00 329.00
195.00 329.00
195.00 329.00
195.00 329.00
195.00 329.00
195.00 329.00
195.00 329.00
195.00 329.00
195.00 329.00
195.00 329.00
195.00 329.00
195.00 329.00
195.00 329.00
195.00 329.00
195.00 329.00
195.00 329.00
195.00 329.00
195.00 329.00
195.00 329.00
195.00 329.00
195.00 329.00
195.00 329.00
195.00 329.00
195.00 329.00
195.00 328.00
196.00 328.00
196.00 328.00
196.00 328.00
196.00 328.00
196.00 328.00
196.00 328.00
196.00 328.00
196.00 328.00
196.00 328.00
196.00 328.00
196.00 327.00
196.00 327.00
196.00 327.00
197.00 327.00
197.00 327.00
197.00 327.00
197.00 327.00
197.00 327.00
197.00 327.00
197.00 326.00
197.00 326.00
197.00 326.00
197.00 326.00
198.00 326.00
198.00 326.00
198.00 326.00
198.00 326.00
198.00 325.00
198.00 325.00
198.00 325.00
198.00 325.00
199.00 325.00
199.00 325.00
199.00 325.00
199.00 324.00
199.00 324.00
199.00 324.00
199.00 324.00
200.00 324.00
200.00 324.00
200.00 323.00
200.00 323.00
200.00 323.00
200.00 323.00
200.00 323.00
201.00 323.00
201.00 322.00
201.00 322.00
201.00 322.00
201.00 322.00
201.00 322.00
202.00 321.00
202.00 321.00
202.00 321.00
202.00 321.00
202.00 321.00
202.00 320.00
203.00 320.00
203.00 320.00
203.00 320.00
203.00 319.00
203.00 319.00
204.00 319.00
204.00 319.00
204.00 319.00
204.00 318.00
204.00 318.00
205.00 318.00
205.00 318.00
205.00 317.00
205.00 317.00
205.00 317.00
206.00 317.00
206.00 316.00
206.00 316.00
206.00 316.00
207.00 316.00
207.00 315.00
207.00 315.00
207.00 315.00
207.00 315.00
208.00 314.00
208.00 314.00
208.00 314.00
208.00 314.00
209.00 313.00
209.00 313.00
209.00 313.00
209.00 312.00
210.00 312.00
210.00 312.00
210.00 312.00
210.00 311.00
211.00 311.00
211.00 311.00
211.00 310.00
211.00 310.00
212.00 310.00
212.00 309.00
212.00 309.00
212.00 309.00
213.00 308.00
213.00 308.00
213.00 308.00
213.00 307.00
214.00 307.00
214.00 307.00
214.00 306.00
215.00 306.00
215.00 306.00
215.00 305.00
215.00 305.00
216.00 305.00
216.00 304.00
216.00 304.00
217.00 304.00
217.00 303.00
217.00 303.00
217.00 303.00
218.00 302.00
218.00 302.00
218.00 302.00
219.00 301.00
219.00 301.00
219.00 301.00
220.00 300.00
220.00 300.00
220.00 299.00
220.00 299.00
221.00 299.00
221.00 298.00
221.00 298.00
222.00 298.00
222.00 297.00
222.00 297.00
223.00 296.00
223.00 296.00
223.00 296.00
223.00 296.00
223.00 296.00
223.00 297.00
222.00 297.00
222.00 297.00
222.00 297.00
222.00 297.00
222.00 297.00
222.00 297.00
222.00 298.00
222.00 298.00
222.00 298.00
221.00 298.00
221.00 298.00
221.00 298.00
221.00 298.00
221.00 298.00
221.00 299.00
221.00 299.00
221.00 299.00
221.00 299.00
221.00 299.00
220.00 299.00
220.00 299.00
220.00 299.00
220.00 299.00
220.00 300.00
220.00 300.00
220.00 300.00
220.00 300.00
220.00 300.00
220.00 300.00
220.00 300.00
220.00 300.00
219.00 300.00
219.00 300.00
219.00 300.00
219.00 301.00
219.00 301.00
219.00 301.00
219.00 301.00
219.00 301.00
219.00 301.00
219.00 301.00
219.00 301.00
219.00 301.00
219.00 301.00
219.00 301.00
219.00 301.00
219.00 301.00
218.00 301.00
218.00 302.00
218.00 302.00
218.00 302.00
218.00 302.00
218.00 302.00
218.00 302.00
218.00 302.00
218.00 302.00
218.00 302.00
218.00 302.00
218.00 302.00
218.00 302.00
218.00 302.00
218.00 302.00
218.00 302.00
218.00 302.00
218.00 302.00
218.00 302.00
218.00 302.00
218.00 302.00
218.00 302.00
218.00 302.00
218.00 303.00
218.00 303.00
218.00 303.00
218.00 303.00
218.00 303.00
218.00 303.00
218.00 303.00
217.00 303.00
217.00 303.00
217.00 303.00
217.00 303.00
217.00 303.00
217.00 303.00
217.00 303.00
217.00 303.00
217.00 303.00
217.00 303.00
217.00 303.00
217.00 303.00
217.00 303.00
217.00 303.00
217.00 303.00
217.00 303.00
217.00 303.00
217.00 303.00
218.00 303.00
218.00 303.00
218.00 303.00
218.00 303.00
218.00 303.00
218.00 303.00
218.00 302.00
218.00 302.00
218.00 302.00
218.00 302.00
218.00 302.00
218.00 302.00
218.00 302.00
218.00 302.00
218.00 302.00
218.00 302.00
218.00 302.00
218.00 302.00
218.00 302.00
218.00 302.00
217.00 303.00
216.00 305.00
215.00 306.00
213.00 308.00
212.00 309.00
211.00 310.00
210.00 312.00
209.00 313.00
208.00 314.00
207.00 316.00
206.00 317.00
205.00 318.00
204.00 320.00
203.00 321.00
201.00 322.00
200.00 323.00
199.00 325.00
198.00 326.00
197.00 327.00
196.00 328.00
195.00 330.00
194.00 331.00
193.00 332.00
192.00 333.00
191.00 334.00
190.00 335.00
189.00 337.00
188.00 338.00
187.00 339.00
186.00 340.00
185.00 341.00
185.00 342.00
184.00 343.00
183.00 344.00
182.00 345.00
181.00 346.00
180.00 347.00
179.00 348.00
178.00 349.00
177.00 350.00
176.00 351.00
176.00 352.00
175.00 353.00
174.00 354.00
173.00 355.00
172.00 356.00
171.00 357.00
171.00 358.00
170.00 359.00
169.00 360.00
168.00 361.00
167.00 361.00
167.00 362.00
166.00 363.00
165.00 364.00
164.00 365.00
163.00 366.00
163.00 366.00
162.00 367.00
161.00 368.00
161.00 369.00
160.00 370.00
159.00 370.00
158.00 371.00
158.00 372.00
157.00 373.00
156.00 373.00
156.00 374.00
155.00 375.00
154.00 376.00
154.00 376.00
153.00 377.00
152.00 378.00
152.00 378.00
151.00 379.00
150.00 380.00
150.00 380.00
149.00 381.00
149.00 381.00
148.00 382.00
147.00 383.00
147.00 383.00
146.00 384.00
146.00 385.00
145.00 385.00
145.00 386.00
144.00 386.00
143.00 387.00
143.00 387.00
142.00 388.00
142.00 388.00
141.00 389.00
141.00 390.00
140.00 390.00
140.00 391.00
139.00 391.00
139.00 392.00
138.00 392.00
138.00 393.00
137.00 393.00
137.00 394.00
136.00 394.00
136.00 394.00
135.00 395.00
135.00 395.00
135.00 396.00
134.00 396.00
134.00 397.00
133.00 397.00
133.00 398.00
132.00 398.00
132.00 398.00
132.00 399.00
131.00 399.00
131.00 400.00
130.00 400.00
130.00 400.00
130.00 401.00
129.00 401.00
129.00 401.00
128.00 402.00
128.00 402.00
128.00 403.00
127.00 403.00
127.00 403.00
127.00 404.00
126.00 404.00
126.00 404.00
126.00 405.00
125.00 405.00
125.00 405.00
125.00 406.00
124.00 406.00
124.00 406.00
124.00 406.00
123.00 407.00
123.00 407.00
123.00 407.00
123.00 408.00
122.00 408.00
122.00 408.00
122.00 408.00
121.00 409.00
121.00 409.00
121.00 409.00
121.00 409.00
120.00 410.00
120.00 410.00
120.00 410.00
120.00 410.00
119.00 411.00
119.00 411.00
119.00 411.00
119.00 411.00
118.00 412.00
118.00 412.00
118.00 412.00
119.00 411.00
120.00 410.00
121.00 409.00
123.00 408.00
124.00 406.00
125.00 405.00
126.00 404.00
128.00 403.00
129.00 401.00
130.00 400.00
132.00 399.00
133.00 397.00
135.00 396.00
136.00 394.00
138.00 393.00
139.00 391.00
141.00 390.00
142.00 388.00
144.00 387.00
145.00 385.00
147.00 383.00
149.00 382.00
150.00 380.00
152.00 378.00
154.00 376.00
156.00 374.00
158.00 372.00
159.00 370.00
161.00 368.00
163.00 366.00
165.00 364.00
167.00 362.00
169.00 360.00
171.00 357.00
173.00 355.00
176.00 353.00
178.00 350.00
180.00 348.00
182.00 345.00
184.00 343.00
187.00 340.00
189.00 337.00
191.00 334.00
194.00 332.00
196.00 329.00
199.00 326.00
201.00 323.00
201.00 323.00
201.00 323.00
201.00 323.00
201.00 323.00
201.00 323.00
201.00 323.00
201.00 323.00
201.00 323.00
201.00 323.00
201.00 323.00
201.00 323.00
201.00 323.00
201.00 323.00
201.00 323.00
201.00 323.00
201.00 323.00
201.00 323.00
201.00 323.00
201.00 323.00
201.00 323.00
201.00 323.00
201.00 323.00
201.00 323.00
201.00 323.00
201.00 323.00
201.00 323.00
201.00 323.00
201.00 323.00
201.00 323.00
201.00 323.00
201.00 323.00
201.00 323.00
201.00 323.00
201.00 323.00
201.00 323.00
201.00 323.00
201.00 323.00
201.00 323.00
201.00 323.00
201.00 323.00
201.00 323.00
201.00 323.00
201.00 323.00
202.00 323.00
202.00 322.00
202.00 322.00
202.00 322.00
202.00 322.00
202.00 322.00
202.00 322.00
202.00 322.00
202.00 322.00
200.00 324.00
199.00 326.00
197.00 327.00
196.00 329.00
194.00 331.00
193.00 333.00
191.00 334.00
190.00 336.00
189.00 338.00
187.00 339.00
186.00 341.00
184.00 343.00
183.00 344.00
182.00 346.00
180.00 347.00
179.00 349.00
178.00 350.00
176.00 352.00
175.00 353.00
174.00 355.00
172.00 356.00
171.00 357.00
170.00 359.00
169.00 360.00
167.00 361.00
166.00 363.00
165.00 364.00
164.00 365.00
163.00 367.00
162.00 368.00
160.00 369.00
159.00 370.00
158.00 371.00
157.00 373.00
156.00 374.00
155.00 375.00
154.00 376.00
153.00 377.00
152.00 378.00
151.00 379.00
150.00 380.00
149.00 381.00
148.00 382.00
147.00 383.00
146.00 384.00
145.00 385.00
144.00 386.00
143.00 387.00
142.00 388.00
141.00 389.00
140.00 390.00
139.00 391.00
138.00 392.00
138.00 393.00
137.00 393.00
136.00 394.00
135.00 395.00
134.00 396.00
134.00 397.00
133.00 397.00
132.00 398.00
131.00 399.00
130.00 400.00
130.00 400.00
129.00 401.00
128.00 402.00
127.00 403.00
127.00 403.00
126.00 404.00
126.00 404.00
127.00 403.00
127.00 403.00
127.00 403.00
128.00 402.00
128.00 402.00
129.00 401.00
129.00 401.00
129.00 401.00
130.00 400.00
130.00 400.00
131.00 400.00
131.00 399.00
131.00 399.00
132.00 398.00
132.00 398.00
133.00 397.00
133.00 397.00
134.00 397.00
134.00 396.00
134.00 396.00
135.00 395.00
135.00 395.00
136.00 394.00
136.00 394.00
137.00 393.00
137.00 393.00
138.00 392.00
138.00 392.00
139.00 391.00
139.00 391.00
140.00 390.00
140.00 390.00
141.00 389.00
141.00 389.00
142.00 388.00
143.00 388.00
143.00 387.00
144.00 386.00
144.00 386.00
145.00 385.00
145.00 385.00
146.00 384.00
147.00 384.00
147.00 383.00
148.00 382.00
148.00 382.00
149.00 381.00
150.00 380.00
150.00 380.00
151.00 379.00
151.00 378.00
152.00 378.00
153.00 377.00
153.00 376.00
154.00 376.00
155.00 375.00
155.00 374.00
156.00 373.00
157.00 373.00
158.00 372.00
158.00 371.00
159.00 370.00
160.00 370.00
160.00 369.00
161.00 368.00
162.00 367.00
163.00 367.00
163.00 366.00
164.00 365.00
165.00 364.00
166.00 363.00
167.00 362.00
167.00 361.00
168.00 361.00
169.00 360.00
170.00 359.00
171.00 358.00
172.00 357.00
172.00 356.00
173.00 355.00
174.00 354.00
175.00 353.00
176.00 352.00
177.00 351.00
178.00 350.00
178.00 349.00
179.00 348.00
180.00 347.00
181.00 346.00
182.00 345.00
183.00 344.00
184.00 343.00
185.00 342.00
186.00 341.00
187.00 340.00
188.00 338.00
189.00 337.00
190.00 336.00
191.00 335.00
192.00 334.00
193.00 333.00
194.00 332.00
195.00 330.00
196.00 329.00
197.00 328.00
198.00 327.00
199.00 325.00
200.00 324.00
201.00 323.00
202.00 322.00
203.00 320.00
204.00 319.00
206.00 318.00
207.00 316.00
208.00 315.00
209.00 314.00
210.00 312.00
211.00 311.00
212.00 310.00
213.00 308.00
214.00 307.00
216.00 306.00
217.00 304.00
218.00 303.00
219.00 301.00
220.00 300.00
221.00 298.00
223.00 297.00
224.00 295.00
225.00 294.00
225.00 294.00
225.00 294.00
225.00 294.00
225.00 294.00
225.00 294.00
225.00 294.00
225.00 294.00
225.00 294.00
225.00 294.00
225.00 294.00
225.00 294.00
225.00 294.00
225.00 294.00
225.00 294.00
225.00 294.00
225.00 294.00
225.00 294.00
225.00 294.00
225.00 294.00
225.00 294.00
225.00 294.00
225.00 294.00
225.00 294.00
225.00 294.00
225.00 294.00
225.00 294.00
225.00 294.00
