218.00 312.00
218.00 312.00
218.00 312.00
218.00 312.00
218.00 312.00
218.00 312.00
218.00 311.00
218.00 311.00
218.00 311.00
218.00 311.00
218.00 311.00
218.00 311.00
218.00 311.00
218.00 311.00
219.00 311.00
219.00 311.00
219.00 311.00
219.00 311.00
219.00 311.00
219.00 311.00
219.00 311.00
219.00 311.00
219.00 311.00
219.00 311.00
219.00 311.00
219.00 311.00
219.00 310.00
219.00 310.00
219.00 310.00
219.00 310.00
219.00 310.00
219.00 310.00
219.00 310.00
219.00 310.00
219.00 310.00
219.00 310.00
219.00 310.00
219.00 310.00
220.00 309.00
220.00 309.00
220.00 309.00
220.00 309.00
220.00 309.00
220.00 309.00
220.00 309.00
220.00 309.00
220.00 309.00
220.00 309.00
220.00 308.00
220.00 308.00
220.00 308.00
220.00 308.00
220.00 308.00
221.00 308.00
221.00 308.00
221.00 308.00
221.00 307.00
221.00 307.00
221.00 307.00
221.00 307.00
221.00 307.00
221.00 307.00
221.00 307.00
221.00 307.00
221.00 306.00
222.00 306.00
222.00 306.00
222.00 306.00
222.00 306.00
222.00 306.00
222.00 305.00
222.00 305.00
222.00 305.00
222.00 305.00
222.00 305.00
223.00 305.00
223.00 305.00
223.00 304.00
223.00 304.00
223.00 304.00
223.00 305.00
222.00 305.00
222.00 306.00
222.00 306.00
221.00 307.00
221.00 307.00
221.00 308.00
220.00 308.00
220.00 309.00
220.00 309.00
219.00 310.00
219.00 310.00
219.00 311.00
218.00 311.00
218.00 312.00
218.00 312.00
217.00 313.00
217.00 313.00
217.00 314.00
216.00 314.00
216.00 315.00
216.00 315.00
215.00 316.00
215.00 316.00
215.00 317.00
214.00 317.00
214.00 317.00
214.00 318.00
213.00 318.00
213.00 319.00
213.00 319.00
212.00 320.00
212.00 320.00
212.00 321.00
212.00 321.00
211.00 321.00
211.00 322.00
211.00 322.00
210.00 323.00
210.00 323.00
210.00 324.00
210.00 324.00
209.00 324.00
209.00 325.00
209.00 325.00
208.00 326.00
208.00 326.00
208.00 326.00
208.00 327.00
207.00 327.00
207.00 327.00
207.00 328.00
207.00 328.00
206.00 329.00
206.00 329.00
206.00 329.00
206.00 330.00
205.00 330.00
205.00 330.00
205.00 331.00
205.00 331.00
204.00 331.00
204.00 332.00
204.00 332.00
204.00 332.00
203.00 333.00
203.00 333.00
203.00 333.00
203.00 334.00
202.00 334.00
202.00 334.00
202.00 335.00
202.00 335.00
201.00 335.00
201.00 336.00
201.00 336.00
201.00 336.00
201.00 337.00
200.00 337.00
200.00 337.00
200.00 337.00
200.00 338.00
200.00 338.00
199.00 338.00
199.00 339.00
199.00 339.00
199.00 339.00
199.00 339.00
198.00 340.00
198.00 340.00
198.00 340.00
198.00 340.00
198.00 341.00
198.00 341.00
197.00 341.00
197.00 341.00
197.00 342.00
197.00 342.00
197.00 342.00
197.00 342.00
196.00 343.00
196.00 343.00
196.00 343.00
196.00 343.00
196.00 343.00
196.00 344.00
195.00 344.00
195.00 344.00
195.00 344.00
195.00 344.00
195.00 345.00
195.00 345.00
195.00 345.00
194.00 345.00
194.00 345.00
194.00 346.00
194.00 346.00
194.00 346.00
194.00 346.00
194.00 346.00
194.00 346.00
193.00 347.00
193.00 347.00
193.00 347.00
193.00 347.00
193.00 347.00
193.00 347.00
193.00 347.00
193.00 348.00
193.00 348.00
193.00 348.00
192.00 348.00
192.00 348.00
192.00 348.00
192.00 348.00
192.00 348.00
192.00 349.00
192.00 349.00
192.00 349.00
192.00 349.00
192.00 349.00
192.00 349.00
192.00 349.00
191.00 349.00
191.00 349.00
191.00 350.00
191.00 350.00
191.00 350.00
191.00 350.00
191.00 350.00
191.00 350.00
191.00 350.00
191.00 350.00
191.00 350.00
191.00 350.00
191.00 350.00
191.00 350.00
191.00 350.00
191.00 350.00
191.00 350.00
191.00 351.00
191.00 351.00
191.00 351.00
191.00 351.00
191.00 351.00
191.00 351.00
190.00 351.00
190.00 351.00
190.00 351.00
190.00 351.00
190.00 351.00
190.00 351.00
190.00 351.00
190.00 351.00
190.00 351.00
190.00 351.00
190.00 351.00
190.00 351.00
190.00 351.00
190.00 351.00
190.00 351.00
190.00 351.00
191.00 351.00
191.00 351.00
191.00 351.00
191.00 351.00
191.00 351.00
191.00 351.00
191.00 351.00
191.00 351.00
191.00 351.00
191.00 351.00
191.00 351.00
191.00 351.00
191.00 350.00
191.00 350.00
191.00 350.00
191.00 350.00
191.00 350.00
191.00 350.00
191.00 350.00
191.00 350.00
191.00 350.00
191.00 350.00
191.00 350.00
192.00 350.00
192.00 350.00
192.00 350.00
192.00 350.00
192.00 349.00
192.00 349.00
192.00 349.00
192.00 349.00
192.00 349.00
192.00 349.00
192.00 349.00
192.00 349.00
193.00 349.00
193.00 348.00
193.00 348.00
193.00 348.00
193.00 348.00
193.00 348.00
193.00 348.00
193.00 348.00
193.00 348.00
193.00 347.00
194.00 347.00
194.00 347.00
194.00 347.00
194.00 347.00
194.00 347.00
194.00 347.00
194.00 346.00
194.00 346.00
195.00 346.00
195.00 346.00
195.00 346.00
195.00 346.00
195.00 345.00
195.00 345.00
195.00 345.00
196.00 345.00
196.00 345.00
196.00 344.00
196.00 344.00
196.00 344.00
196.00 344.00
197.00 344.00
197.00 343.00
197.00 343.00
197.00 343.00
196.00 344.00
196.00 345.00
195.00 346.00
194.00 346.00
194.00 347.00
193.00 348.00
193.00 349.00
192.00 350.00
191.00 350.00
191.00 351.00
190.00 352.00
190.00 353.00
189.00 354.00
188.00 354.00
188.00 355.00
187.00 356.00
187.00 357.00
186.00 357.00
185.00 358.00
185.00 359.00
184.00 359.00
184.00 360.00
183.00 361.00
183.00 361.00
182.00 362.00
182.00 363.00
181.00 364.00
181.00 364.00
180.00 365.00
179.00 365.00
179.00 366.00
178.00 367.00
178.00 367.00
177.00 368.00
177.00 369.00
176.00 369.00
176.00 370.00
175.00 370.00
175.00 371.00
174.00 371.00
174.00 372.00
174.00 373.00
173.00 373.00
173.00 374.00
172.00 374.00
172.00 375.00
171.00 375.00
171.00 376.00
170.00 376.00
170.00 377.00
169.00 377.00
169.00 378.00
169.00 378.00
168.00 379.00
168.00 379.00
167.00 380.00
167.00 380.00
166.00 381.00
166.00 381.00
166.00 382.00
165.00 382.00
165.00 383.00
164.00 383.00
164.00 383.00
164.00 384.00
163.00 384.00
163.00 385.00
163.00 385.00
162.00 385.00
162.00 386.00
161.00 386.00
161.00 387.00
161.00 387.00
160.00 387.00
160.00 388.00
160.00 388.00
159.00 389.00
159.00 389.00
159.00 389.00
158.00 390.00
158.00 390.00
158.00 390.00
157.00 391.00
157.00 391.00
157.00 391.00
157.00 392.00
156.00 392.00
156.00 392.00
156.00 393.00
155.00 393.00
155.00 393.00
155.00 393.00
155.00 394.00
154.00 394.00
154.00 394.00
154.00 395.00
153.00 395.00
153.00 395.00
153.00 395.00
153.00 396.00
152.00 396.00
152.00 396.00
152.00 396.00
152.00 397.00
151.00 397.00
151.00 397.00
151.00 397.00
151.00 398.00
151.00 398.00
150.00 398.00
150.00 398.00
150.00 399.00
150.00 399.00
149.00 399.00
149.00 399.00
149.00 399.00
149.00 400.00
149.00 400.00
149.00 400.00
148.00 400.00
148.00 400.00
148.00 401.00
148.00 401.00
148.00 401.00
147.00 401.00
147.00 401.00
147.00 401.00
147.00 402.00
147.00 402.00
147.00 402.00
147.00 402.00
146.00 402.00
146.00 402.00
146.00 402.00
146.00 403.00
146.00 403.00
146.00 403.00
146.00 403.00
145.00 403.00
145.00 403.00
145.00 403.00
145.00 403.00
145.00 404.00
145.00 404.00
145.00 404.00
145.00 404.00
145.00 404.00
144.00 404.00
144.00 404.00
144.00 404.00
144.00 404.00
144.00 404.00
144.00 405.00
144.00 405.00
144.00 405.00
144.00 405.00
144.00 405.00
144.00 405.00
144.00 405.00
144.00 405.00
143.00 405.00
143.00 405.00
143.00 405.00
143.00 405.00
143.00 405.00
143.00 405.00
143.00 405.00
143.00 405.00
143.00 405.00
143.00 405.00
143.00 405.00
143.00 405.00
143.00 405.00
143.00 406.00
143.00 406.00
143.00 406.00
143.00 406.00
143.00 406.00
143.00 406.00
143.00 406.00
143.00 406.00
143.00 406.00
143.00 406.00
143.00 406.00
143.00 406.00
143.00 405.00
143.00 405.00
143.00 405.00
143.00 405.00
143.00 405.00
143.00 405.00
143.00 405.00
143.00 405.00
143.00 405.00
143.00 405.00
143.00 405.00
143.00 405.00
144.00 405.00
144.00 405.00
144.00 405.00
144.00 405.00
144.00 405.00
144.00 405.00
144.00 405.00
144.00 405.00
144.00 405.00
144.00 404.00
144.00 404.00
144.00 404.00
144.00 404.00
145.00 404.00
145.00 404.00
145.00 404.00
145.00 404.00
145.00 404.00
145.00 404.00
145.00 403.00
145.00 403.00
145.00 403.00
146.00 403.00
146.00 403.00
146.00 403.00
146.00 403.00
146.00 403.00
146.00 402.00
146.00 402.00
146.00 402.00
147.00 402.00
147.00 402.00
147.00 402.00
147.00 402.00
147.00 401.00
147.00 401.00
148.00 401.00
148.00 401.00
148.00 401.00
148.00 401.00
148.00 400.00
148.00 400.00
149.00 400.00
149.00 400.00
149.00 400.00
149.00 399.00
149.00 399.00
150.00 399.00
150.00 399.00
150.00 399.00
150.00 398.00
150.00 398.00
151.00 398.00
151.00 398.00
151.00 397.00
151.00 397.00
152.00 397.00
152.00 397.00
152.00 396.00
152.00 396.00
153.00 396.00
153.00 396.00
153.00 395.00
153.00 395.00
154.00 395.00
154.00 395.00
154.00 394.00
154.00 394.00
155.00 394.00
155.00 393.00
155.00 393.00
156.00 393.00
156.00 393.00
156.00 392.00
156.00 392.00
157.00 392.00
157.00 391.00
157.00 391.00
158.00 391.00
158.00 390.00
158.00 390.00
159.00 390.00
159.00 389.00
159.00 389.00
160.00 388.00
160.00 388.00
160.00 388.00
161.00 387.00
161.00 387.00
161.00 387.00
162.00 386.00
162.00 386.00
162.00 385.00
163.00 385.00
163.00 385.00
164.00 384.00
164.00 384.00
164.00 383.00
165.00 383.00
165.00 382.00
166.00 382.00
166.00 382.00
166.00 381.00
167.00 381.00
167.00 380.00
168.00 380.00
168.00 379.00
168.00 379.00
169.00 378.00
169.00 378.00
170.00 377.00
170.00 377.00
171.00 376.00
171.00 376.00
171.00 375.00
172.00 375.00
172.00 374.00
173.00 374.00
173.00 373.00
174.00 373.00
174.00 372.00
175.00 371.00
175.00 371.00
176.00 370.00
176.00 370.00
177.00 369.00
177.00 368.00
178.00 368.00
178.00 367.00
179.00 367.00
179.00 366.00
180.00 365.00
180.00 365.00
181.00 364.00
181.00 363.00
182.00 363.00
183.00 362.00
183.00 361.00
184.00 361.00
184.00 360.00
185.00 359.00
185.00 359.00
186.00 358.00
186.00 357.00
187.00 356.00
188.00 356.00
188.00 355.00
189.00 354.00
189.00 354.00
190.00 353.00
191.00 352.00
191.00 351.00
192.00 350.00
192.00 350.00
193.00 349.00
194.00 348.00
194.00 347.00
195.00 346.00
196.00 345.00
196.00 345.00
197.00 344.00
197.00 343.00
198.00 342.00
199.00 341.00
199.00 340.00
200.00 339.00
201.00 338.00
201.00 338.00
202.00 337.00
203.00 336.00
203.00 335.00
204.00 334.00
205.00 333.00
205.00 332.00
206.00 331.00
207.00 330.00
208.00 329.00
208.00 328.00
209.00 327.00
209.00 327.00
209.00 327.00
209.00 327.00
209.00 328.00
208.00 328.00
208.00 328.00
208.00 328.00
208.00 328.00
208.00 328.00
208.00 328.00
208.00 329.00
208.00 329.00
208.00 329.00
208.00 329.00
208.00 329.00
207.00 329.00
207.00 329.00
207.00 329.00
207.00 330.00
207.00 330.00
207.00 330.00
207.00 330.00
207.00 330.00
207.00 330.00
207.00 330.00
207.00 330.00
207.00 330.00
207.00 330.00
206.00 331.00
206.00 331.00
206.00 331.00
206.00 331.00
206.00 331.00
206.00 331.00
206.00 331.00
206.00 331.00
206.00 331.00
206.00 331.00
206.00 331.00
206.00 331.00
206.00 331.00
206.00 331.00
206.00 331.00
206.00 331.00
206.00 332.00
206.00 332.00
206.00 332.00
206.00 332.00
206.00 332.00
206.00 332.00
206.00 332.00
206.00 332.00
205.00 332.00
205.00 332.00
205.00 332.00
205.00 332.00
205.00 332.00
205.00 332.00
205.00 332.00
205.00 332.00
205.00 332.00
205.00 332.00
205.00 332.00
205.00 332.00
205.00 332.00
205.00 332.00
205.00 332.00
205.00 332.00
205.00 332.00
205.00 332.00
205.00 332.00
205.00 332.00
205.00 332.00
205.00 332.00
205.00 332.00
206.00 332.00
206.00 332.00
206.00 332.00
206.00 332.00
206.00 332.00
206.00 332.00
206.00 332.00
206.00 331.00
206.00 331.00
206.00 331.00
206.00 331.00
206.00 331.00
206.00 331.00
206.00 331.00
206.00 331.00
206.00 331.00
206.00 331.00
206.00 331.00
206.00 331.00
206.00 331.00
206.00 331.00
206.00 331.00
206.00 330.00
206.00 330.00
207.00 330.00
207.00 330.00
207.00 330.00
207.00 330.00
207.00 330.00
207.00 330.00
207.00 330.00
207.00 330.00
207.00 329.00
207.00 329.00
207.00 329.00
207.00 329.00
207.00 329.00
207.00 329.00
208.00 329.00
208.00 329.00
208.00 329.00
208.00 328.00
208.00 328.00
208.00 328.00
208.00 328.00
208.00 328.00
208.00 328.00
208.00 328.00
209.00 327.00
209.00 327.00
209.00 327.00
209.00 327.00
209.00 327.00
209.00 327.00
209.00 326.00
209.00 326.00
209.00 326.00
210.00 326.00
210.00 326.00
210.00 326.00
210.00 325.00
210.00 325.00
210.00 325.00
210.00 325.00
210.00 325.00
211.00 324.00
211.00 324.00
211.00 324.00
211.00 324.00
211.00 324.00
211.00 323.00
211.00 323.00
212.00 323.00
212.00 323.00
212.00 323.00
212.00 322.00
212.00 322.00
212.00 322.00
212.00 322.00
213.00 321.00
213.00 321.00
213.00 321.00
213.00 321.00
213.00 321.00
213.00 320.00
214.00 320.00
214.00 320.00
214.00 320.00
214.00 319.00
214.00 319.00
214.00 319.00
215.00 319.00
215.00 318.00
215.00 318.00
215.00 318.00
215.00 318.00
215.00 317.00
216.00 317.00
216.00 317.00
216.00 316.00
216.00 316.00
216.00 316.00
217.00 316.00
217.00 315.00
217.00 315.00
217.00 315.00
217.00 316.00
216.00 316.00
216.00 316.00
216.00 317.00
216.00 317.00
215.00 317.00
215.00 318.00
215.00 318.00
215.00 318.00
215.00 319.00
214.00 319.00
214.00 319.00
214.00 319.00
214.00 320.00
214.00 320.00
213.00 320.00
213.00 321.00
213.00 321.00
213.00 321.00
213.00 321.00
212.00 322.00
212.00 322.00
212.00 322.00
212.00 323.00
212.00 323.00
211.00 323.00
211.00 323.00
211.00 324.00
211.00 324.00
211.00 324.00
211.00 324.00
210.00 325.00
210.00 325.00
210.00 325.00
210.00 325.00
210.00 326.00
210.00 326.00
209.00 326.00
209.00 326.00
209.00 327.00
209.00 327.00
209.00 327.00
209.00 327.00
209.00 327.00
208.00 328.00
208.00 328.00
208.00 328.00
208.00 328.00
208.00 329.00
208.00 329.00
207.00 329.00
207.00 329.00
207.00 329.00
207.00 330.00
207.00 330.00
207.00 330.00
207.00 330.00
207.00 330.00
206.00 330.00
206.00 331.00
206.00 331.00
206.00 331.00
206.00 331.00
206.00 331.00
206.00 331.00
206.00 332.00
206.00 332.00
205.00 332.00
205.00 332.00
205.00 332.00
205.00 332.00
205.00 333.00
205.00 333.00
205.00 333.00
205.00 333.00
205.00 333.00
205.00 333.00
204.00 333.00
204.00 334.00
204.00 334.00
204.00 334.00
204.00 334.00
204.00 334.00
205.00 333.00
206.00 331.00
207.00 330.00
208.00 328.00
209.00 327.00
210.00 325.00
211.00 324.00
212.00 322.00
213.00 321.00
214.00 319.00
215.00 317.00
216.00 316.00
217.00 314.00
218.00 313.00
219.00 311.00
219.00 311.00
219.00 311.00
219.00 311.00
219.00 311.00
219.00 311.00
219.00 311.00
219.00 311.00
219.00 311.00
219.00 311.00
219.00 311.00
219.00 311.00
219.00 312.00
219.00 312.00
219.00 312.00
218.00 312.00
218.00 312.00
218.00 312.00
218.00 312.00
218.00 312.00
218.00 312.00
218.00 312.00
218.00 312.00
218.00 312.00
218.00 312.00
218.00 312.00
218.00 312.00
218.00 312.00
218.00 312.00
218.00 312.00
218.00 312.00
218.00 312.00
218.00 312.00
218.00 312.00
218.00 312.00
218.00 312.00
218.00 312.00
218.00 312.00
